305
3270
4278
4902
3538
2815
4484
1638
5662
1630
1968
5336
791
5037
5843
2826
4261
1281
2569
5438
1869
4096
2464
3984
1996
91
2568
2579
2549
4195
2383
5454
3770
1189
1942
654
1551
382
3574
4512
878
1751
3020
392
1806
5507
4062
4896
3169
5845
847
3309
3584
2424
6185
4906
3788
3922
1097
290
4571
4630
4488
5515
6305
3111
2029
3765
6109
5147
5582
4931
5471
5942
5273
2052
3427
3745
5406
1890
5607
812
1453
1406
242
5191
403
5321
2068
4510
4882
3957
3603
4646
2580
1073
3000
4009
3076
2150
1934
908
1423
186
1017
1671
5319
5688
2954
1848
6159
3604
1178
1153
3273
1009
5140
1716
1446
5399
3120
1145
4311
4461
5346
703
2960
2764
777
5700
944
670
1691
6199
2530
2982
4420
2912
5601
5924
692
1220
5994
5146
4384
481
1069
2421
167
5357
65
3706
3552
3105
3348
4016
1425
1492
5326
4545
2088
1460
5701
4218
1703
2318
3890
4032
855
979
2185
630
4071
2714
3743
1285
5541
5729
3952
5564
3336
61
3855
3978
1010
5605
5058
2426
2157
4976
2597
4817
3865
1910
177
4710
1907
951
4077
2327
5097
6319
2786
3657
434
1803
766
5941
5350
5242
1663
3932
345
5047
2075
3645
3455
1117
5430
3529
5428
5087
2716
2257
1892
2942
5118
3990
3834
3930
4343
1199
3776
43
318
4057
3707
866
5276
6084
6193
4804
3454
3950
6006
5996
649
5042
423
3846
256
3718
3197
801
3734
5149
1623
841
2078
4211
2709
2758
5217
5546
1043
5957
4404
5740
2386
3453
3636
4056
3979
548
80
6149
1483
3931
4044
1475
5944
2146
5370
3217
6194
4543
3305
1322
4547
480
976
1139
3256
5982
3955
716
6244
2543
2173
3608
5997
4358
5651
1605
1820
5166
4076
6134
5293
2658
1133
5621
4276
4241
1138
3484
1184
6096
6017
5584
5624
3382
2705
3871
3687
747
5023
1048
1261
4092
5712
4098
4285
4080
29
109
1149
4670
6324
5998
5650
4706
2845
1511
2220
5455
55
5680
5771
564
1972
5195
859
3334
4707
4185
3017
1952
3676
774
4111
4065
656
1565
1876
5323
3731
4205
1282
1582
4693
6023
285
1971
4768
2891
2581
4400
3205
3678
1597
3458
4450
3018
6251
1898
319
431
3339
3995
4971
4214
3126
1889
3710
5032
501
2001
2204
3407
3780
5391
4326
901
6227
2099
3473
5975
2989
6175
808
6279
1539
592
1523
4559
3768
1856
6070
4046
4937
2374
1364
4432
5163
5194
5351
2483
4723
2044
4338
1563
3989
346
2166
5723
6281
6052
1166
5917
512
5745
4870
5067
2400
4181
3589
5532
837
6209
4477
3804
1357
5508
6151
6177
794
2638
5041
1068
2621
4299
1665
4266
124
2868
5940
2373
4998
6128
3519
871
3166
1143
4125
5493
547
3123
3991
3222
1950
5520
1672
5228
3559
3353
3983
4148
4966
4807
20
4280
5819
3045
3060
6247
6139
2250
2870
189
1486
3451
6237
2617
6007
2169
6314
3177
3239
2707
4406
2138
4496
1186
5409
862
4659
709
1777
2343
5592
5504
53
2388
6075
2116
4074
1276
1212
5407
4924
3416
154
4493
528
1912
5842
2473
1731
328
1211
1823
1594
1259
2147
751
4843
725
6034
593
2432
3980
3174
5270
2940
3246
2201
201
1636
1651
1782
5707
4564
3172
864
264
2762
1498
1313
5022
3628
316
1330
3987
5867
2346
2897
1714
5126
2259
2744
429
1151
6246
369
2565
4254
1547
4769
262
1147
5694
817
5345
3658
3575
3291
509
5300
1408
5509
4537
3259
4373
2017
2013
4169
2285
3032
3073
5177
771
2025
2816
236
4417
3254
6032
1335
5918
2371
4371
1031
3099
3806
66
903
1109
3794
5689
178
3071
2833
147
2389
4777
5511
212
4179
3681
4579
3221
5224
3823
1024
571
5457
4956
215
4481
5492
338
5183
104
5629
1395
1814
5536
1260
3539
4748
6012
1987
2086
1768
2605
6192
229
2542
5198
1903
6296
2326
473
478
97
4734
57
2837
4793
5482
3194
1659
3184
3668
1981
1930
2470
1159
5259
2347
2377
3483
4735
5479
4037
6299
561
2688
4107
3138
6148
4118
5860
94
2207
2701
4206
5935
476
3860
2466
971
5990
3441
3748
3189
6131
3606
1769
1679
2406
3250
4443
5789
3125
4978
4273
4557
2082
5713
1929
2907
3848
3156
4336
3397
5518
1415
2627
113
3183
4468
185
721
3988
3892
5912
5221
439
546
5610
5142
5148
3350
4243
3727
819
2847
1765
5785
3927
3284
4665
4689
5019
5929
1723
1904
5893
3196
1526
5204
661
6133
2336
3158
6046
6102
2411
6283
4842
3771
3481
3439
1801
5887
5127
3110
3850
1393
4753
195
3858
367
5551
1854
5429
5312
533
4006
1205
3106
4230
2814
1541
1190
106
2300
4894
461
2540
5804
271
3578
4198
5486
406
413
1509
5164
3030
5201
5947
4321
1156
3142
2054
708
2392
2240
3859
4052
3162
1520
2690
6286
3523
116
6056
33
4033
1124
4194
6067
4300
2809
2610
3728
4944
3150
4986
6234
3896
2234
6213
1933
5157
2526
3363
768
6238
5199
1094
4627
500
4250
785
4297
2375
4505
251
4669
4060
5247
3278
5311
4640
2631
573
4831
6322
2357
3903
364
492
4376
3216
6275
6221
6105
4880
4308
2131
2909
5159
2268
4580
4294
458
1315
997
5028
904
6045
6228
5969
4115
2594
4534
2812
248
4726
4913
2915
2446
3124
2657
793
1111
1066
2139
2315
3568
3147
4140
6024
3900
2963
5078
3468
3501
4306
4467
2787
4274
4695
4964
5749
6313
2498
2841
2471
5464
6216
3883
2983
3093
5890
6183
180
2790
5757
4697
876
3027
1575
3511
3933
17
5245
4550
4694
5222
3393
183
669
3631
1090
5513
3587
1888
2334
4737
1626
3285
2320
2191
3581
5465
308
2040
2650
4165
4414
3479
5702
1641
5329
4328
3436
4656
3675
5654
5069
467
2901
1800
1846
138
1837
2062
1993
927
253
616
2452
169
2385
6309
3354
1167
325
3213
2243
5413
1101
5995
4257
4718
1937
3185
2065
3733
2352
4224
743
3642
5834
6027
6255
2233
4301
3333
2920
1065
2821
6267
2104
4213
3488
5844
2188
5639
249
4275
1187
5081
1548
5418
5209
1784
5868
574
1609
2531
194
417
2662
2941
6210
5573
3622
5863
2023
4405
5565
6145
3562
2947
420
3459
1255
1802
5265
3811
117
2644
5731
1368
5009
4588
5211
72
4089
3303
1240
4721
1688
46
68
4439
1673
1809
5271
4291
197
4979
5156
2288
830
1324
4228
3934
3294
5390
5647
1699
752
4965
1682
4424
3640
2564
763
1457
2882
5915
4765
1209
27
2443
5907
2238
6029
3497
470
6181
906
1158
3951
1988
1652
4277
5614
5581
3192
566
6041
3359
32
6100
4558
1194
2869
4434
2219
191
2702
3726
4485
2494
1099
3985
3783
2571
3324
790
187
3597
3596
466
3705
3004
6268
3863
5660
4990
6118
2802
486
696
1821
3742
4160
3651
2791
3090
6088
5035
6030
5251
5104
1883
5657
1625
5640
4086
427
3583
5914
4408
3467
4109
3784
4763
3694
5634
5283
4958
3880
3252
1191
580
5203
3542
4615
5284
3737
5667
2472
40
3293
556
5268
1081
5720
2038
2123
733
1909
659
1722
4395
511
2429
5337
2836
4476
1772
2
863
2781
4661
1676
6064
2177
5896
1759
4844
5376
401
2532
6126
3244
4433
1381
4242
2330
37
2896
1400
3973
2806
4449
3286
2670
967
5727
4367
4556
2084
3752
2588
