5437
5265
5477
5648
3603
5680
6032
1157
4888
5966
3885
1280
3597
3719
1387
3843
4932
4125
5896
3013
2066
6278
566
5159
6305
2428
1951
1780
2260
5610
785
4982
5196
3000
3655
4301
424
3210
1293
4871
512
491
2399
3951
251
5493
4399
6214
2589
5188
2285
560
4299
4108
1112
3699
1290
4976
2915
1583
4572
5623
1330
94
3662
5228
273
486
4105
3127
3712
2845
3666
5705
5393
3751
1946
4956
1397
5267
5912
1122
3888
509
5378
5401
4867
1832
5872
3419
490
6243
37
6238
5968
975
2182
6146
3504
1527
3555
2710
3500
4864
4066
1985
405
5233
235
3226
5214
2792
2693
3648
2092
3551
4152
2070
83
4571
3072
5423
4317
3838
1815
5720
2143
1019
1652
5052
2665
4175
4946
864
3562
4099
4667
3055
1600
5881
2518
1884
4192
5929
4438
299
3773
2980
978
1839
62
214
943
3100
3972
2052
4143
5814
1156
1598
2996
1949
540
3130
6133
3556
3605
3011
3611
5691
5611
2130
4046
2277
489
4036
4084
920
3371
1665
4215
1672
179
5346
3473
2445
1364
4866
2987
2013
1888
1212
2699
4737
2065
1162
588
4939
2446
1711
130
2414
3522
4903
2782
2832
283
2716
3410
3071
3746
915
1759
653
308
2820
4230
5599
4171
2426
766
4479
6158
4288
1728
2611
2012
4999
573
2089
4988
1802
2368
5255
779
1381
797
1984
1277
6211
658
2299
2761
2890
1244
5707
3826
4966
4735
201
3102
5658
1807
982
2424
5235
2118
5388
4711
2301
4666
744
1478
5082
159
425
3863
3204
3575
2895
603
1295
1029
5559
174
454
1630
6225
5948
1572
5979
5380
1837
3078
2184
1114
4121
5847
3707
1176
2654
5753
447
3007
5668
1498
4466
4698
1765
3545
5422
2718
773
5463
3927
210
630
6016
1760
391
4310
263
225
5353
2979
1447
3817
1836
6089
2230
2670
3516
855
6057
383
4430
4553
101
5942
2496
6321
3580
1629
5811
3952
97
2269
914
4039
5425
1864
2234
4364
1272
2177
1312
2585
5586
2698
2480
4485
2528
2568
2341
2777
3778
4323
4519
5598
1421
3193
189
1494
4014
6224
6271
1756
3765
2886
1288
4172
4167
4845
2739
5480
5405
1462
276
1340
3375
2312
4622
3837
1767
5972
2540
4308
3050
1422
1536
5120
4757
1788
3446
5130
684
3638
2911
5241
4193
4736
105
763
3044
2526
1216
5541
376
4112
5054
1863
910
5884
433
3727
5640
2581
471
5533
1165
4123
4719
3192
5227
2638
5501
2801
2147
1214
5300
5652
2775
1410
5119
6123
5838
2372
2672
5684
2542
2110
4372
1649
113
5855
2132
1548
5175
2510
2088
5690
1240
6001
3900
2060
1680
1544
5051
5783
1578
6035
2856
6221
3263
109
1682
3234
1343
2778
117
4954
1786
6114
5428
5891
3599
899
1607
1001
3487
319
651
2491
938
1316
3849
583
320
5489
444
3367
5106
1512
279
2673
430
3901
1612
3202
5114
4635
2161
2908
1299
23
5264
966
4557
4723
4764
4459
6164
2026
3036
6266
609
1510
2346
1847
5955
3306
2389
2916
5572
1261
2439
5320
5519
3067
375
928
6151
6130
5571
482
1736
5997
4592
3434
2440
1617
1491
5546
5161
5198
4128
5836
5305
5225
487
3352
3132
1283
3027
2972
4213
2734
548
4404
3690
4551
1358
316
1897
1853
790
853
742
1687
962
2377
1988
1179
2340
4623
839
2174
1137
2152
340
2744
4729
2690
6316
1656
3983
6185
2136
5097
2470
2354
5733
5925
1838
199
1552
5989
464
3491
702
4455
4563
4878
4337
369
1294
2432
1077
2508
2225
2755
4263
4861
1955
1698
2317
4486
5363
3658
3413
6073
1146
5391
1794
4100
5345
5609
3879
2309
1982
6068
207
2765
6289
4019
5427
4839
816
3657
1531
1438
3730
1923
2997
2728
3311
1456
4995
4010
6312
2194
3571
1236
3214
6051
2651
359
6170
5466
3887
2677
682
2990
888
771
2804
1437
6279
1453
48
3894
3411
1952
5563
2532
44
631
1801
2558
3099
5129
1048
282
259
2806
2588
2460
2586
2328
1307
1744
2726
3737
5215
353
3476
2221
4050
4769
2029
2059
5557
5650
991
438
5737
5109
1878
2406
5311
1079
6173
2316
3723
2827
727
2809
3423
3822
659
2324
2774
568
543
5328
3520
3665
1263
4545
1116
5529
676
1650
1369
172
1605
5590
1074
4015
3086
5342
388
4228
445
3109
5815
1675
3093
740
5084
4241
3558
193
3772
3333
5657
4831
730
723
5621
4488
511
3696
5292
2204
2376
1215
2681
3087
4823
4268
2557
515
5756
5643
5382
5038
2999
5386
3059
3890
270
79
2383
1925
4089
1965
1058
4745
4042
1416
1191
791
6018
3017
1914
271
5036
1367
5473
64
735
4456
5003
4367
3806
5724
4118
4490
1350
3714
712
5155
220
2091
1252
4744
381
2241
2429
3911
5355
2156
645
1660
4708
5538
3998
4053
3525
2597
247
814
529
2294
6053
3345
4187
400
796
680
2878
1614
3462
3211
1541
3615
3297
443
2293
2569
893
2887
784
2701
4307
696
4285
1227
5868
2210
4577
3875
2732
2811
5659
3229
1067
813
3848
604
4517
6069
2196
6318
4990
584
4144
5804
6262
6015
979
1508
6194
3958
2330
5397
4351
5248
820
3994
513
646
2664
4780
5906
4655
4967
3602
4165
57
4138
497
4558
4507
5874
1594
2082
821
2155
2289
1966
2898
3874
4338
1199
5834
959
5886
4554
3363
5823
1509
3490
5319
3733
1335
4993
1917
5947
4681
4922
4055
3559
2602
1138
1388
3590
6112
63
2257
3542
2695
3895
6106
1849
6052
421
3713
4544
1924
2622
5479
565
6216
1844
2106
1475
4695
941
2686
1539
2934
2596
5236
5646
2481
5433
551
5068
3909
1668
4344
135
1775
1521
3390
1683
4037
5934
1496
1010
1876
5088
1241
3876
2919
3812
5639
6187
714
3781
2762
812
4409
3457
1562
1790
5358
5392
5100
3159
3051
4059
5389
1152
2636
3040
557
1066
3118
2989
1139
5900
883
5111
475
2430
1102
1821
6067
3971
690
331
2630
469
3544
1398
4093
275
1095
2955
3663
459
2319
5527
6317
36
5669
5626
2365
4495
5122
5284
1811
6100
2753
293
2126
939
806
3913
4613
2800
1699
6197
3418
4614
1995
5893
3465
3467
5763
5147
5794
2099
1018
5008
3933
6167
3052
5349
3591
2160
1785
1292
4116
5944
4641
2517
3106
1265
3441
4648
1934
4400
1909
6249
3004
1653
4493
3959
4800
92
5798
330
2469
5350
599
5287
4619
3975
2799
3511
414
1372
5978
1771
43
6042
3761
1482
1577
2921
5436
4628
6102
4398
4975
1538
3195
3459
5913
2730
5796
4944
3029
628
5113
4651
2659
3199
5247
3962
2722
2566
4894
3864
4673
3570
4991
4415
5653
3172
889
1856
3167
799
6215
4671
111
2882
4141
510
2146
2464
5017
3625
6293
3026
5922
17
2020
767
4874
5806
1322
3452
1752
1710
4200
160
5440
2512
678
4865
618
2021
345
624
5096
5087
4113
3383
1948
3820
1360
1851
4069
3747
4377
4600
4242
6004
1872
3529
3025
5134
4704
4154
1622
260
39
5974
6296
4508
2137
3853
4502
1782
900
2893
4265
5633
842
3507
5791
1495
4324
1229
4927
5940
5332
6184
2783
6292
4201
3035
1088
973
1413
5260
3021
553
4239
2847
1684
5336
4906
2404
5453
1681
5880
3471
4931
2839
5777
5573
427
3028
3854
2121
1986
3366
3697
6022
3161
762
1287
5452
636
5998
126
2037
2305
2320
3550
6192
1831
2227
5819
1412
311
2913
3213
6131
6082
4833
524
1669
5283
3387
3503
5840
6163
985
2687
3314
2514
2416
832
1950
5379
1520
5474
3834
3221
2560
3735
5352
1153
5510
5789
3080
5181
6179
750
2826
3364
2500
932
3997
410
3002
3726
2001
1210
3251
666
4793
408
3225
606
5498
1147
6227
5278
139
2283
1359
1553
2833
5773
2025
1190
3731
1693
2529
2969
3162
1908
2615
5577
2192
6207
2877
137
452
3351
5677
3185
1817
2780
2077
6205
4255
3673
3873
239
5828
4565
4489
3814
2395
5802
4625
1743
5762
5518
3541
1973
5299
3292
3560
95
3320
5273
1250
3844
834
4483
3641
1374
2475
5870
2578
1458
5398
3285
2397
5387
6148
4218
1368
704
4958
343
2663
2041
453
4692
2252
4588
2574
5740
3058
6161
1703
3667
597
6049
2742
2669
1901
4403
2684
5721
694
41
5462
35
3357
4897
3012
6200
2208
5788
5412
4630
2435
623
6129
3332
3517
56
2802
5918
4115
4360
3495
4392
1457
871
157
1634
2127
786
6096
1702
2342
3108
5083
198
787
3808
4168
3805
5429
4294
3356
3891
2388
3626
4921
1511
134
75
5542
2525
1820
4832
5178
1130
451
1427
280
2448
6295
3784
3783
3637
4416
2767
2032
3224
2043
1349
1830
2
1963
4107
4539
3358
1748
3447
4959
3538
4560
6178
6023
1953
5844
4313
5124
3227
4387
2079
2179
399
6310
5459
2343
1798
3698
5505
4374
5019
3022
61
4701
1678
2380
1502
2863
2946
5588
2618
5965
1971
2567
3038
3990
6086
1306
2954
725
2667
6236
542
4826
3748
5043
5001
1769
549
2924
3083
2033
4980
1185
4591
5662
5805
1858
756
294
2818
1916
86
1793
4899
5729
1616
5460
1060
3385
2781
3564
1834
3328
1148
4759
6275
222
46
5307
38
5259
5736
2114
5575
5985
798
5205
4044
2119
4366
53
6228
876
4163
1501
2290
4653
1708
5499
429
5666
368
2488
3794
4727
4755
707
3290
265
4453
4248
5285
1320
4018
2741
1356
2351
5904
2870
587
6159
5561
754
3704
2503
2570
2273
310
2042
2787
3884
620
3763
1353
4054
5476
4333
4825
2256
416
758
2360
3240
2102
1271
4147
5723
5711
253
3261
5018
5037
1337
4501
974
3092
5522
2407
5056
4978
5938
907
5876
6244
1224
1757
2815
4986
1094
4837
4650
5901
1651
755
5597
793
909
5408
2097
2350
1189
2492
180
2266
5420
6265
960
3679
4740
240
3461
6020
6157
6181
1178
1601
3785
1007
3190
1559
6079
2436
749
1513
5050
183
918
1464
5503
6122
4542
2643
6030
4998
3146
1586
211
2238
6174
5053
5163
2068
5136
3245
472
366
6322
4702
6309
3668
1919
2958
2233
450
4205
5152
2791
5238
4690
6128
3775
1754
1940
5085
3416
6002
3939
4752
5183
3169
3574
5863
5606
1463
2461
843
803
2750
4160
2840
4469
1747
3767
5013
1813
778
2899
5516
4912
768
5357
6223
4030
3237
873
4790
6116
257
4543
1155
3584
6199
1113
854
4103
4799
3627
6311
4716
4325
1206
6287
2747
3935
6240
1266
1937
4705
679
2927
5007
5064
1098
6113
1411
4249
1262
1654
5553
2286
4674
5647
4973
77
286
1308
3961
328
262
5274
3355
344
968
1587
3149
393
4465
5953
181
1860
3881
3125
66
346
5138
3565
780
2511
6054
2323
4971
1342
2417
1933
4943
3456
4803
4470
3796
3327
4353
3336
1875
1233
6258
3620
1005
2810
5758
661
795
856
5962
890
3847
3187
4776
5508
2224
4482
2784
5879
6210
935
4271
3354
4051
2325
5827
2965
6245
2914
5144
4981
1569
3589
530
6235
4515
1013
671
2278
5892
4203
4119
4779
1326
5165
3417
4586
1550
5514
462
5485
4608
1581
3039
1644
995
2484
944
2641
3649
1251
436
2084
5441
1746
4678
221
4770
3588
2854
5859
2835
2545
1477
2502
136
5022
4603
1804
2218
4359
5996
1677
5020
5960
1729
5162
5471
4291
4649
423
5059
1472
5744
3498
3604
607
5034
2803
5347
1758
3852
3276
6046
5027
1417
5999
5817
266
5467
5229
3395
3754
1517
1766
261
5515
2873
3105
6176
5949
5532
11
5971
3340
151
1777
4938
4146
4580
5184
3114
5201
1534
6182
3144
1535
1143
153
289
4640
4278
4370
5168
1558
1234
1166
2968
3612
4775
2276
2031
977
2462
6045
3124
881
739
3121
6284
3804
3938
3936
5185
892
4585
3388
3777
6124
559
5602
2049
5616
3134
5329
2497
4552
1093
2760
2108
5442
3928
5044
5504
2932
234
3271
5341
93
4962
5279
5377
3553
2668
5315
5858
3346
6274
4306
5206
4134
3182
5565
1085
6166
2159
3129
3762
428
1470
5330
5803
5757
6320
4838
862
4997
5693
2795
5902
1947
652
2148
669
1208
2047
2400
5809
4274
861
5362
3527
3243
463
3755
833
4463
3402
1309
2905
3636
4669
2449
2495
6273
1522
6121
3519
3142
3859
729
5667
988
574
1082
30
1657
3160
4238
4385
4682
2185
2624
2282
5734
2288
4161
4357
1056
3759
3708
5782
1826
5750
1219
1332
2592
5297
1936
1383
318
3341
4029
4805
1004
626
6135
4583
4423
2785
3845
2522
835
149
3317
647
1805
5888
3681
244
4174
828
5637
4417
3329
5221
5321
3064
850
4227
4272
5682
2016
5449
1580
3991
4148
1015
1391
6094
1886
2572
4953
84
4048
5778
5057
3981
2901
2023
3265
1370
6097
4354
6138
2410
4642
1610
4189
4789
3458
3792
1713
1970
1439
5695
2165
5254
5402
2369
6108
4721
2453
5795
4140
3492
1840
4208
501
2468
4349
3807
1691
2142
1205
4662
1999
4327
4458
3123
4575
1855
4273
3255
2975
2306
5941
5715
3399
2164
3233
2751
4142
6006
3143
6250
2505
2808
1730
3042
1435
2790
3593
5992
4412
2486
287
3397
1755
4683
1049
140
166
3217
3401
3188
5325
4209
5251
1967
1481
1399
4072
726
4150
2247
616
5937
2358
4318
5326
4380
2304
5873
298
4184
5969
5853
6298
2599
3643
2487
69
4593
1742
3880
4948
5413
759
719
3676
3176
1414
957
4094
4816
195
4170
4284
281
6058
4896
3088
3779
2629
4155
2737
1202
1528
3966
4857
1238
364
1065
3918
2702
4687
2014
1121
3205
1031
5890
571
882
668
1695
4587
2140
2270
4419
2367
3999
72
2717
2858
2236
1808
5654
4117
6257
5256
5638
1861
6132
5419
2949
2683
3003
6234
5824
1070
5576
953
5562
3813
285
5607
1172
4425
3389
3862
2036
1473
4983
1913
2334
4012
4126
3283
1406
4858
4802
2967
5895
3925
605
3795
3220
4746
6300
6208
5011
3198
3893
2280
4332
5469
5174
4427
202
4797
2006
6105
2281
5629
3074
1089
2631
3101
823
5438
3057
342
3016
1480
5365
4190
3140
3791
2332
1180
4644
5191
5268
863
6125
2117
1659
1145
170
859
1449
187
184
4869
3789
5699
4191
3309
4872
1327
370
492
5975
5792
1885
2409
5308
5676
3717
3548
3586
4712
2378
5243
3478
2050
3147
392
5506
5558
5092
2888
753
6222
2550
1543
16
5716
2154
1142
4535
5135
398
1551
2923
5708
2625
1873
457
4643
352
3135
5952
970
3633
3955
1750
1090
4844
523
1575
4514
2917
1275
2865
76
5414
4940
6
4220
4815
6050
5204
4590
119
3945
503
5605
2394
4548
1921
5634
2003
1824
686
718
1027
3528
1608
5810
667
619
4620
994
145
5555
5234
499
4247
192
3360
3330
3433
3156
5203
3656
760
