3403
6108
1164
2090
4492
1889
2602
5972
952
219
635
2195
3616
3709
1378
3188
391
407
430
3275
2663
4127
1479
814
1515
283
1913
3843
2949
3961
2412
5398
4186
1993
3705
4235
5795
5957
1185
1560
2593
5733
618
5265
556
22
1099
348
4841
3870
6057
1633
728
4497
6323
5673
330
634
2325
2551
2475
212
5716
4640
6132
4063
2573
304
5910
1825
2247
2473
5491
2718
6021
5070
2600
4832
5904
6313
2507
2176
2790
3473
4386
1051
3230
6102
6159
5077
2725
80
5468
2100
4213
1280
5062
2398
5606
4000
3267
250
4267
790
5706
2753
3357
5092
4289
4068
1024
1208
4515
5558
1611
4166
550
3142
5639
5628
2194
727
3929
5375
5993
154
1621
4104
4202
2219
2547
436
4151
4760
4729
2406
4093
6017
2570
4547
4118
5230
4032
2420
1216
1143
5902
5136
1406
3462
5873
5752
2681
4774
3186
5953
311
5401
1257
374
3187
4735
4333
964
5718
6106
1847
4644
3572
4201
957
4578
5748
2920
4769
4863
3508
2946
4175
1023
2493
4256
756
1947
4191
554
1944
1512
248
780
4686
4317
4075
271
1444
1595
3819
1210
1092
1232
1346
1850
2394
2134
3235
2465
5373
6233
1831
3509
3301
2795
1519
764
4513
3201
1030
3123
3933
1943
1079
1160
462
4864
260
4734
3317
3340
3629
1834
4294
743
1950
2583
2701
4345
172
5032
934
57
5963
648
1905
477
3184
3259
2954
3835
2375
2111
5293
4894
3067
2912
4054
5851
697
2229
3919
1039
4770
3659
5378
2001
1707
29
1442
1270
3496
536
1347
5727
1482
66
5563
4539
3498
519
6207
4810
243
4302
1836
4929
3095
4376
2559
363
3939
2894
5145
2744
1049
5766
4987
686
5830
3387
2166
1086
2458
1464
3526
460
4898
4812
3136
824
5477
5783
4587
6045
1112
1414
2342
1133
4990
3860
3399
4552
4798
6103
4140
2085
1153
85
4976
774
3346
3062
5094
398
2415
1667
2041
5759
1142
1420
657
5473
5501
2055
1246
494
1654
3519
1634
711
5410
2013
145
3374
3486
3546
68
3294
4357
449
5936
2384
2882
4545
2567
4016
1985
3472
2332
4087
2433
2659
368
1751
954
268
1105
6183
4199
1226
3323
3569
3614
5622
2449
5326
1904
6312
5773
4684
5335
456
5965
1823
5916
2403
4833
5242
3729
1072
1124
5858
3822
6158
357
3598
4121
659
3366
5
6274
3902
5246
3752
4856
2226
2438
3291
3023
5984
4674
2796
116
3200
346
2979
2313
5742
6228
5292
2444
4579
2062
1935
6074
1917
3762
1338
1940
406
3459
2441
3313
2895
4558
839
1714
5394
323
3404
1384
5474
4671
5887
4635
3213
991
5840
3001
3533
132
3156
5238
3852
2925
2535
2200
4129
5794
2121
4581
1197
1159
4047
520
5360
5181
1750
5350
3248
2457
530
2513
4639
5124
2908
5679
5115
2767
1887
5085
5164
4525
4137
2903
4526
5875
1561
6200
5248
1758
524
2831
5966
403
5438
5557
3764
3979
3951
5597
6205
3623
3385
2326
3203
2016
224
2921
4512
1275
3297
3916
2133
2216
362
6293
4748
2477
5990
1541
1763
3503
2951
4589
6180
2116
800
5667
766
2836
1082
5702
2990
6320
2789
2210
4680
5866
1351
3895
5856
3558
6156
2799
1006
6077
4597
5607
4780
1759
4518
6071
4930
512
2698
6075
1231
1646
1486
1604
1353
3049
2644
2849
4424
848
969
5678
3769
5831
4248
709
1123
93
3164
157
1374
4385
3771
5307
6259
992
5049
3945
5143
1042
2175
334
4842
999
3555
1496
4323
1175
3129
1625
1329
3292
6003
827
4451
5970
2888
3527
1828
2070
1287
42
6250
2543
6321
133
5402
5262
1292
1811
4017
1859
3857
4524
2861
2926
3149
