3358
2822
1698
2486
1228
1424
5920
3020
1433
4871
1000
4715
5970
5349
5646
5385
1578
5847
4206
5571
201
874
1940
3894
74
3484
73
3690
1579
2416
2941
3229
4869
2088
1576
2079
5074
4370
1926
5274
2622
5879
4416
5255
1819
4531
5724
1031
3308
3409
3611
2617
854
664
2054
266
4928
2330
5372
4837
3691
2716
4133
5829
2678
5142
4892
2272
5565
501
2624
1983
4458
1101
1851
2215
6130
5294
5965
808
4628
560
4853
3605
3289
5248
1916
1555
4062
135
2557
979
4582
3734
3934
79
1200
3771
2262
809
932
4280
775
1552
1431
51
1962
5172
4244
6209
5260
2782
2815
989
3861
3183
4868
2168
2546
4827
2742
429
2568
1135
6067
4357
616
5197
5258
162
195
112
1839
3432
229
5815
5677
4397
4175
6149
1288
524
2344
3671
303
4098
467
1582
5091
2317
1664
3682
1436
1975
4649
3316
4350
1210
1961
1245
1244
3285
5774
114
2722
2446
1914
5722
2751
3733
4596
1234
3582
4759
3834
2811
6080
2662
5418
1471
1380
4616
5849
2493
1435
5089
6316
1417
3538
6183
2587
2559
5918
2734
3623
2936
3952
928
2113
4624
2160
2512
4012
3977
2167
1388
3673
133
3126
1296
5817
4188
487
5882
4462
2975
6131
3732
4999
4117
4803
3871
1976
4784
1878
1935
1136
5675
4003
2980
3181
2879
4232
454
4465
5195
848
4703
325
30
416
506
4407
1513
1466
4185
3030
2771
1550
6256
1481
490
2500
5307
3237
1585
3267
1300
4506
4776
5214
3668
164
5138
2021
4508
270
1800
1789
4466
1160
5290
1346
2147
4356
5402
281
3470
2124
4
4285
2251
2224
4205
2603
2958
4340
3239
4395
4763
488
540
1103
1191
3359
2571
2271
1259
3981
5
6319
1923
4657
5374
5109
4038
6093
792
1831
1267
4718
2256
4535
4251
4750
3338
5314
3597
349
3050
4767
3038
1741
1360
5291
5941
1731
563
99
5837
5259
1912
3153
4362
3039
125
5417
1742
3299
5973
1040
1627
4167
1046
3040
1861
1672
2010
3879
4026
1764
3850
4386
689
5547
5008
3246
34
460
5179
2470
766
4342
5827
5275
1126
4159
3375
4427
4547
1174
3405
4406
4372
2312
3413
6306
3953
2225
415
2674
4601
154
3349
6061
5219
2995
66
1662
462
4542
4208
4067
3392
5522
5803
2361
641
666
3222
2832
3790
2455
5848
3323
1846
4389
1177
1221
6258
5082
4303
3304
2448
1376
968
3996
3801
192
1123
1755
5079
5872
1145
2196
2885
2184
5764
130
5253
2417
3473
594
2087
1161
5536
4903
1753
934
5000
4014
6173
883
3295
6296
2444
4076
6178
5559
6245
4618
5446
5800
1025
3685
5914
2652
169
2657
5649
3391
3248
1894
6237
4983
3145
5029
1834
2533
3120
93
6
2924
6042
3099
4447
3674
6242
83
3109
5832
5836
3989
5540
4227
2900
4061
4545
5811
3970
1738
6150
5814
3036
5243
1581
675
2821
3213
5975
3313
4136
333
3835
310
5551
3192
2281
5904
1597
63
6159
4543
5670
480
6068
5513
254
2106
1116
3809
3018
2776
2462
3173
2372
2676
4186
3054
3372
151
2637
5626
2095
2353
2496
1527
719
2868
6152
4526
2705
3813
4736
1089
3847
3176
1747
5618
3496
2192
2290
1558
180
5371
5653
5841
3928
6169
1701
4079
1756
5298
1138
1196
5948
6076
3711
3068
4593
3197
5437
2643
2267
2241
4129
3191
632
5562
2016
5949
6082
4013
2978
4645
976
5252
6292
3121
6282
5238
3383
3164
5773
1438
2285
3714
5521
5035
778
1711
301
5700
3864
2670
5249
1801
964
4068
384
1212
5086
387
1545
2007
4359
701
2001
1757
1130
5784
1966
2894
3055
3875
4790
4945
4301
4560
6221
368
4696
3490
3330
708
1543
1094
5971
4400
851
6269
1658
1369
3385
2694
5183
5458
853
882
5412
5083
4876
4213
1525
2
5706
2565
4523
90
1673
127
527
3765
4662
5218
5246
1132
1225
3870
1095
5105
355
6263
5532
6278
6094
1596
1942
1973
3851
448
5708
6218
4296
2151
5580
6318
1363
6305
5421
2231
5707
1565
119
4760
2429
4932
1318
1745
1264
990
2343
4741
6219
4808
3067
1449
282
811
2797
3119
1880
6047
1521
3076
698
3946
5500
2373
4384
4941
5501
4057
3144
3148
2359
3543
635
2613
5732
2717
3441
4438
58
3317
4726
6175
3476
3264
3935
3453
336
2390
5567
1929
1108
3962
5930
2301
4030
4272
4748
3311
4566
923
781
4041
955
4028
5282
110
4579
1666
1381
935
1330
4423
1157
5711
3284
5347
1260
4931
4840
2391
69
4354
2439
2468
4224
2229
1497
2437
4918
2948
1886
3529
3130
5699
4134
1357
5162
566
5362
2146
4002
1870
6141
461
3523
783
6039
4602
6274
3659
3210
2853
4394
788
2031
5631
860
3912
4499
5627
284
6255
5897
3058
5581
342
5390
2461
5906
365
4947
3223
1400
2661
3988
1440
3232
6161
4016
1427
1866
1439
5969
1156
2515
6166
3842
5033
5242
800
16
2684
2934
4891
50
4320
159
4880
4333
2022
1806
2111
2619
4074
4190
2334
3531
3862
3327
2567
484
5125
2217
3356
4569
2202
258
5710
6032
4122
1969
1405
536
5564
4085
4752
1836
3812
1910
3122
2413
3354
1675
2175
1561
1655
4137
1945
1361
4343
3998
221
672
613
4279
1080
5398
1461
2621
1295
5601
4724
5772
824
4293
38
4341
2131
6260
2691
2699
476
6066
1885
3293
5315
1503
383
1312
4914
5137
1653
5751
15
2128
6200
6257
2953
452
4994
5673
2048
2471
5215
3814
614
2591
2569
67
3113
2860
3298
2253
4324
3964
707
5527
1280
262
4413
2767
1840
3015
1873
4539
2966
4371
4762
3048
5190
1056
6023
1903
3524
6057
1652
1763
2528
2706
4250
431
48
360
1149
5936
4636
2018
749
6281
1022
3337
1865
3362
881
1943
6123
4010
2804
676
4988
4638
4126
5625
561
4801
3461
550
1401
354
2123
3936
2414
3723
1337
5778
1018
2921
335
5279
5911
5194
640
5977
2830
2672
3720
908
2693
4842
646
1055
314
657
41
2115
582
5480
1769
3585
5534
3150
2842
256
2445
2484
531
2667
2270
2855
697
2572
818
5756
1164
1772
4872
2651
2851
434
2988
828
31
1843
2405
5502
5231
1201
2255
868
3735
3828
3384
3764
3622
1780
1389
816
982
5852
3993
2110
27
4933
5369
4625
2874
3774
1818
2939
1474
1993
787
793
3433
3860
2318
642
3346
2538
1168
1822
4270
1516
263
385
5782
615
6231
4809
5188
2584
3057
1169
2889
600
2392
4020
1092
5650
3016
1152
6138
3406
5430
3494
3580
5614
5900
611
1021
3902
3991
2962
3599
4550
3082
638
5641
4916
5054
82
5720
1827
5744
910
1523
5664
4911
1918
994
3706
1492
5758
5865
3782
2112
302
625
3896
2457
631
2625
1273
2846
179
371
1899
4829
2534
2386
583
1715
4118
4044
5582
2342
3158
33
4229
1305
1243
2865
4087
3651
3194
39
609
2859
1451
1128
4479
2129
3226
449
5049
3853
5301
4844
2891
5927
2011
2783
2779
6038
3899
1640
445
909
4461
5915
3053
1144
3571
5472
2345
3737
1327
3454
1024
3080
2668
2402
186
821
3882
5181
152
2195
855
4956
6087
5593
1773
3629
2753
1712
332
3736
118
5011
3604
87
3794
4467
4723
4905
5932
6017
2232
1548
3449
2476
3865
5850
5561
4472
4608
2070
6096
4401
5335
255
659
3917
2504
6044
4700
3024
5408
6115
2364
4231
2914
3188
2839
2371
2543
5496
5635
5420
5071
1500
6126
3927
1553
4919
735
1957
1447
961
764
4886
679
1468
3047
1129
6168
3387
1528
721
832
1211
227
5687
5867
2850
1386
1478
1683
5463
1680
4691
3241
4434
1726
3005
3035
5450
1821
3693
4353
4215
2026
5733
4751
4675
5656
2495
1620
2376
3277
220
3700
5746
216
5541
2311
4162
4368
4672
4101
4004
930
2473
3868
65
951
4577
4902
5877
3793
1039
4313
351
439
4787
436
3548
257
5017
541
4268
2097
4448
1515
2847
5830
417
2638
6216
5570
3855
261
6053
2120
2155
2428
703
236
1590
2212
3221
2162
2794
5697
4058
2909
1241
3825
6191
3231
1922
1083
2982
5484
2258
2082
3625
3984
3000
4455
2186
6223
3595
6143
873
4963
4667
320
4418
1959
3189
843
804
2323
5019
2050
3863
654
3007
5451
5317
5719
2605
5467
891
5479
4259
1877
1351
598
3930
4603
884
2280
4524
5419
3838
5434
4379
1681
144
6145
1670
361
924
6078
5823
5205
1614
2669
4212
6059
311
4110
4580
3028
1807
5473
5611
1185
5334
2660
1499
1832
2564
780
2519
5686
1314
2433
4804
5767
1236
5476
5640
3588
797
3965
5695
5216
939
4381
4444
427
2336
3739
3978
1002
784
419
1557
645
3831
1167
844
2084
3511
2024
4496
4934
1920
3761
1326
2862
1483
1775
4105
4857
4093
2482
1710
798
6295
5586
3744
4651
6239
6116
3749
687
4043
1999
6108
5530
3443
4973
5885
422
1592
4288
1604
5432
5497
4780
2606
2298
3198
126
4306
1320
5378
2915
4573
2017
3972
1781
5427
5217
3360
4393
2441
2409
4103
4519
4783
5059
189
4092
4216
745
2266
4255
2729
3818
3645
2724
430
1599
530
5062
2152
1580
1788
1429
4040
4679
3766
760
573
596
3096
2648
5846
3626
369
5384
5102
5789
2910
4964
5862
862
1229
4877
1615
4277
5132
4059
2707
5854
748
917
5845
1637
1720
1696
6268
4958
4735
4202
2506
2309
6310
3643
146
1321
2878
3614
1373
4151
2044
3412
3725
5926
5441
1081
2963
1266
2023
5178
4656
1509
3172
1213
5272
3451
2857
100
4949
1952
2872
1908
3467
1594
1463
193
5001
2143
5233
232
3840
1573
5878
5026
2785
6307
731
4850
6283
4387
4274
3573
850
432
1275
4360
5899
6320
5482
4246
1090
5538
3434
4025
6303
898
4805
3856
1874
5055
2580
3219
682
1460
3003
5716
5061
1875
2185
269
2682
3570
4611
4747
352
3576
1479
3858
1209
4714
1567
5592
136
4796
2170
4962
6114
1735
1112
5014
1723
3819
6015
6027
1181
1654
1297
3269
1183
2411
3196
1053
5608
3624
5753
1258
6207
5485
6284
3909
587
1522
6013
4377
559
23
4336
2117
1669
2780
3251
4789
6246
639
5060
1114
1728
4050
553
3088
3916
2920
4294
3006
1790
86
2831
4009
3994
1965
736
6006
1659
5993
1271
1395
5519
2006
1485
88
5995
5498
2544
3525
3115
1335
859
3852
5392
77
1416
2073
1634
308
5739
5339
1359
3687
1820
5566
569
3380
5289
5660
3376
5569
3370
5574
842
1767
3157
5358
2608
2264
3184
194
1488
3128
5204
6104
2091
5550
831
5106
6102
849
6286
1630
503
3108
393
491
344
2243
1189
5027
1617
5145
4053
4237
1603
2805
4836
2999
2828
1026
433
5999
1984
4558
3679
233
3335
4567
3905
4192
3250
3817
653
3482
1041
3973
3630
5006
1333
522
5187
1175
5763
4480
993
3517
4089
1786
1285
5173
1302
6276
618
2319
456
4141
4491
2308
5738
168
131
3920
1563
5223
396
3160
5182
1814
4302
5235
4256
4770
1336
3914
5783
2480
3288
4862
1070
6144
2650
2436
410
1611
6098
5388
3204
2422
2870
4235
3185
1907
548
4987
2735
3938
2507
1713
2863
3600
5141
5725
4676
8
757
75
2283
5494
4749
551
4769
443
3209
6109
5237
3775
1589
4144
2454
3390
1078
911
1301
5676
700
5453
4768
4203
2502
4034
996
3805
2107
141
2059
1418
3043
4678
165
1411
921
3019
1316
3987
819
4968
5288
2563
3715
70
5440
4463
3510
3958
2208
826
2840
6190
4441
5343
768
1707
3554
4889
4540
5117
555
5526
6324
4329
2058
5515
2798
1949
122
5226
5517
337
4157
4355
324
1276
101
68
5030
5796
2218
2440
6232
5368
2463
2127
942
1761
5387
2583
5152
2579
3136
1184
3943
1771
4183
4897
957
556
4793
2158
1356
4211
1882
5363
517
4066
5681
2207
3339
4607
4642
1554
5511
4833
2005
6012
6215
91
18
2228
4485
817
5198
5577
3508
2562
268
5523
3803
4115
4174
2383
5344
2697
1506
251
965
2930
5578
2430
5807
2812
1685
5171
711
4180
5826
4881
3101
4348
975
4500
5884
6011
2161
2888
2721
3892
1825
197
893
4782
2490
6163
3008
2377
5840
1915
1017
228
3230
741
1768
3857
3520
5668
3518
1679
453
3002
2153
4315
184
5435
743
174
4895
4619
4883
678
1977
4166
4981
3127
366
3584
3980
4323
2529
1477
892
3483
5819
2331
789
1706
1722
4666
1222
739
1235
841
1180
1317
3052
905
2176
6003
5303
2235
5957
4639
5457
4938
1292
4048
4097
5520
3382
3578
4017
4522
3305
2541
4184
5901
3077
5078
3402
2836
4249
4710
4874
4643
1105
1730
5120
546
4221
5340
4939
157
5556
2849
1948
2351
5972
6236
5525
1482
2209
5702
2852
4746
2814
5382
658
1091
1739
489
4685
2020
1644
5299
4954
247
3280
4082
589
6055
6187
4164
2806
4236
264
5843
5365
623
2955
3242
5383
1811
3703
3378
6291
6224
3547
2408
5781
2286
504
4779
5024
2193
1226
4230
4730
5839
6049
312
2060
1810
733
4647
5795
5954
562
6240
5552
465
538
4149
3179
2118
5591
4993
518
2012
2887
3810
4629
2976
603
106
2220
185
2367
2188
3472
1759
4957
662
4847
1194
5048
1860
1817
3619
3207
3290
1651
2032
2397
428
3397
2478
4139
4860
1933
4179
5488
3886
3262
5058
4551
2366
5323
5407
4739
5606
2890
5486
3233
3957
4173
4252
3072
4559
1736
5980
2261
1214
3955
3489
3495
4813
1004
2039
3791
357
6132
5401
3146
746
1366
494
6300
5280
5436
3236
6084
3783
4600
5431
2475
149
520
2434
103
3558
5662
1700
2240
4882
607
5199
5163
4220
5341
5293
450
4305
4661
3455
803
5978
3974
1643
3942
334
3903
980
1674
1577
624
962
5471
3023
304
667
4866
1629
1475
226
160
4572
581
1450
1778
1061
1612
4756
914
2807
2254
4950
5129
3718
26
3228
5477
2861
107
1872
5329
6073
5895
1765
755
5345
3398
5114
1476
3129
1687
1794
2389
6199
1332
6188
1097
3426
275
4094
2396
1754
5064
5189
1569
6270
4581
4913
4792
3888
4260
4563
5658
405
5529
1009
5955
5193
3968
3918
3665
2219
1804
1088
3716
3932
5555
2013
1016
1660
2348
2731
508
3037
4090
1287
5747
1749
2665
3696
1536
4731
2775
6028
3083
3087
4820
392
2466
5678
4282
2922
5544
2378
1841
2576
4430
5801
4290
3336
5397
2134
95
2178
2326
6196
3951
3270
1862
4742
81
833
3464
379
2407
1551
4332
2905
5962
5174
2479
187
626
2925
2104
6273
3012
1898
3085
4972
1709
634
6162
4502
3762
2800
1469
2612
2393
5777
409
3178
2873
85
4646
4189
444
2055
377
1784
1911
3937
3808
5310
4193
3756
6261
4021
4940
4264
3167
978
2711
4100
3329
5247
3923
6034
3929
3945
3268
918
4056
3709
3824
4178
4977
1284
3069
4113
3675
3307
601
4319
1246
4114
889
5414
1867
3171
3921
2883
5491
1454
5988
4818
1750
13
3001
4182
3656
4707
2398
3408
1963
846
1446
5084
5798
4841
4669
3238
158
4446
3344
1393
1111
71
1737
5302
4590
2826
129
3540
6112
5379
2288
5069
2784
3045
1686
3846
5942
925
4923
5613
992
5734
1791
1286
4709
5353
5688
5909
3013
3457
3062
5761
2291
3750
4537
4630
4396
4284
3175
5762
163
20
4798
170
2573
111
3395
5261
6090
2237
3168
49
3138
3642
2474
234
648
1884
1830
3713
289
4975
3166
2119
285
1602
6189
513
5153
4927
1833
4337
706
1638
3516
4729
3747
1345
3343
4163
5394
2194
2514
2421
4757
167
4549
5617
565
1504
6014
1593
3256
2513
5787
1906
4961
3568
2341
2954
5224
946
46
4553
4960
936
2960
2610
407
6290
5575
5262
5203
5960
3676
4431
554
2700
2223
1353
3841
3770
5342
3694
3161
4378
2835
4005
758
1338
1391
2876
2834
5110
3328
1268
105
1889
340
2325
356
5809
5039
5912
1121
6289
4266
1895
655
2620
5452
6233
2200
1716
1441
5104
728
3009
6037
2823
2339
4127
3613
3427
1646
539
4138
660
709
2081
4743
3479
5674
225
4810
2720
2401
2677
5135
4487
5589
5661
6158
3111
2913
1606
3260
512
6004
5364
3551
3450
726
1859
2294
6025
4408
6192
890
5982
4339
3081
2086
1190
5667
1608
937
4124
656
6194
3594
941
5985
6031
6058
5633
1293
1215
5221
3757
5063
400
2295
4716
4594
6259
4200
150
2825
2273
5585
2745
493
3872
5143
4823
4369
2556
2136
1531
4083
5682
3844
1844
4473
382
1783
2799
2540
1695
5360
1493
1507
1941
1188
511
3165
2025
1487
5433
4160
3577
2487
4925
6110
5359
5639
4875
2033
5788
5665
1085
1692
474
1256
2221
3102
2469
4263
3560
3253
3542
341
2374
2189
3103
3300
3528
3261
2530
1124
2157
3098
3133
2752
5439
3137
4620
29
0
1010
2075
3420
3170
3769
359
1071
6302
5327
4617
1242
3460
2404
3653
3201
4546
5974
6129
4986
716
1413
2998
1217
5958
2491
5503
2494
291
1060
1044
305
4405
5277
4197
5584
1816
714
673
810
5549
274
812
5240
40
3884
876
3618
1137
578
3071
2560
5454
353
5671
3719
4910
4721
4659
537
2019
6088
2293
1014
2750
4317
2634
2163
411
4578
4281
5963
933
5103
1387
753
2034
4904
3985
3480
1390
3321
5087
4494
5903
1480
5156
3014
5213
3386
2347
4564
3381
3662
5726
3556
4046
4806
835
5236
3654
3999
394
2997
2552
863
865
5598
6243
998
300
1863
4652
1378
6238
5333
3245
5474
3273
1122
276
3638
5979
5025
3306
5984
1197
259
3562
1054
4822
5964
6146
4990
3272
5005
4908
4365
2173
249
1019
4080
327
1689
3722
3428
1456
397
801
5127
5101
2137
1805
2524
3743
2177
4824
1556
6050
2695
2679
1708
2867
6228
4632
4943
4411
637
3566
121
3900
1426
246
4177
2550
3949
2036
2598
5698
622
375
845
4935
5386
1743
4410
2708
5976
1106
2659
4325
3394
3532
4071
5111
4815
4287
2633
1069
2666
5447
606
1591
235
2595
5047
1038
3839
5992
1951
3663
1595
5989
5998
3140
374
3583
1829
5508
888
108
1938
3731
1362
5395
5868
3162
1399
298
6206
3418
6314
1758
3915
2384
4238
943
2574
6241
4682
2214
4924
3301
4989
4095
3282
4761
1956
1187
1045
1532
4965
5938
3143
1142
1633
2179
694
4253
2635
5475
1414
1402
198
3740
5409
738
2275
4937
4073
5426
4171
2629
4944
3010
6041
1077
2843
3271
5690
6323
6134
2923
2881
3227
1939
2673
391
5842
1671
6266
1027
2709
5490
260
4520
4650
4051
4825
969
691
205
5276
5828
3890
6081
4023
4477
2497
61
3347
2328
796
947
5825
6118
4147
1050
1074
4457
2728
5910
4442
1064
6026
4143
2786
1371
2908
5737
3345
237
5191
155
2926
2052
926
948
5893
4361
5456
57
1230
4901
5031
362
790
1179
457
3833
4648
3033
2979
3342
4702
4595
1283
1930
2269
3612
3535
1697
1526
4942
5209
4155
3823
6309
4380
5093
769
3944
3806
1533
2066
4561
3078
3983
2793
4426
2182
5400
1403
1668
5304
2049
1496
1549
5210
1066
5634
3309
4800
605
2892
4454
5157
1459
4036
6001
1098
2369
389
2585
1437
3004
5159
2362
2869
3976
1037
4778
3728
4488
2313
2990
2403
2646
4719
5470
3632
3507
6167
2388
5659
3208
3393
3971
2442
663
4514
4946
307
4670
4191
5816
2527
5506
4265
1699
4855
2248
3631
6095
3425
2942
3439
5050
2287
4468
1462
1350
3684
2912
1537
5328
3302
4298
4794
2035
4031
2080
1648
2102
4598
5493
2645
3403
5820
6036
2536
3657
595
190
6097
2590
1344
1059
3094
5399
584
1087
5425
4018
1539
297
5553
5916
1146
4240
4409
2304
2928
6021
2459
5225
4330
649
3786
5873
5155
4440
4781
1294
5685
5227
1465
4121
2820
3873
4445
5230
2277
1331
5768
3502
4161
5352
1261
2305
3416
2399
5583
3415
3499
4469
2077
5802
6019
2148
421
2726
2901
5866
1864
3961
2758
3365
779
4706
5892
2517
4308
1223
4262
668
1372
1452
200
2130
2380
3031
1876
2760
2071
1313
761
4952
3218
5643
1082
2423
693
181
6045
5415
1170
5855
5164
3699
4001
5572
822
4604
4201
5679
2100
215
699
1732
4388
5250
1635
5718
2935
3079
3878
5283
5028
6225
6142
1693
4613
6253
944
5351
3787
1997
1989
2126
177
4704
1058
995
3730
4692
2578
4665
1282
4907
4864
287
5131
597
142
1473
4194
239
1172
5986
1856
3063
2169
2038
4744
5144
2453
28
3424
1134
695
981
1623
5886
3142
1104
156
3474
4854
544
3458
5647
5148
5161
5579
4856
2854
4128
3135
604
3598
1421
1909
4435
2687
4495
1430
1694
5220
5165
1568
279
2548
4852
2368
5312
3437
6128
2773
6083
2505
367
6070
2069
907
1162
685
3459
902
991
2061
2278
4554
4403
5713
2438
2636
2971
3515
498
4198
6062
3132
4054
725
4116
3553
299
3487
3225
3836
4181
5780
4791
4376
1849
4503
278
5168
985
3240
5621
3832
1458
4634
3591
3609
3124
949
6220
1986
1240
6137
2009
5018
5929
5004
5765
3561
5563
3353
1374
3800
2763
3134
294
2415
5244
4740
2607
636
1364
2898
5588
586
5212
2778
1982
128
3452
3874
4404
4893
2681
4614
1541
5251
4241
3982
5356
5201
1491
5116
1340
1928
718
2349
1639
5888
370
1384
6056
3361
5951
5355
5907
5406
3252
1990
2387
485
977
1838
4621
5813
1667
2539
2759
5983
1808
4521
5229
4075
5211
1150
319
3628
1051
6204
2289
572
2769
4599
2056
3726
3621
1809
3235
4766
331
1272
3701
4078
507
5134
1102
2206
5683
2703
4415
2675
5123
6091
2296
5309
1785
3822
4176
986
4214
3141
1352
4511
3666
2458
871
364
4486
5810
2987
1165
2903
4024
5043
3448
4512
4712
5108
1342
1049
5604
3468
2004
1420
4725
1566
1005
988
4316
4534
5531
437
5835
1057
4218
406
677
4695
3963
3710
3446
830
345
5296
6212
3254
2105
3755
1968
4861
2803
571
2628
1598
3367
3655
175
967
459
2911
2002
92
4222
771
2856
5638
3389
288
1621
321
6267
5961
4979
4980
5833
3620
3186
2664
6304
6265
1396
5629
1159
