4561
4232
800
5380
3153
747
4304
63
2546
4894
1919
5529
5865
2905
2421
2215
3986
5837
3035
2088
4849
3593
4384
783
4140
5067
1883
1115
1155
1828
765
364
3474
1457
2670
2712
4516
2682
5772
5978
5969
4268
4593
1238
5426
2170
3290
1166
2142
1648
3572
5915
3491
3553
6196
1778
6029
5444
5275
817
3209
3094
3145
4308
5270
5136
3506
4842
5375
6060
1011
1799
6077
4718
1330
4767
6071
2267
1010
2334
5496
5881
4183
787
2317
6302
3120
2700
2224
5085
2392
4496
491
1199
3030
6132
4673
2713
793
5382
261
1495
539
5199
3400
1159
145
2939
4447
3403
922
4126
5097
4770
2806
4054
1888
1225
3200
2753
3529
4547
2481
3992
5704
5526
3807
5
2876
2103
3471
202
2446
4615
3006
5844
1709
1637
3744
1404
4609
1786
2827
1909
3115
230
1248
4965
1697
2313
2055
3972
372
5839
5358
5651
1467
4567
2234
1553
2314
5190
5932
2403
785
6183
5887
4592
4989
6294
1039
1928
2494
1141
5777
585
483
5385
167
6243
3521
4782
4737
2554
4221
5282
1081
75
3374
3947
1716
2743
5499
5855
1474
3914
880
1120
4303
318
4505
1533
5421
3606
5046
2432
2063
1774
3637
2978
5612
4338
5420
6194
1288
3027
852
1737
645
1459
3517
5685
468
3745
1671
4334
4902
5127
776
3502
4845
5965
2018
3875
2130
2458
5976
168
653
4858
878
2676
3561
1373
350
2356
5959
4162
4103
777
6123
4739
1034
2286
4835
1406
1428
2237
5078
5215
5101
1784
3111
870
620
5132
3082
6282
5708
2004
1721
2575
3534
3950
2960
5160
5031
1097
3486
1442
2349
5890
3918
5537
2630
664
55
1822
4163
1815
2485
1635
3480
2552
3282
2755
822
614
1951
5617
3177
2991
1582
5312
3283
388
565
2859
919
3322
3777
4146
4543
5010
6004
3609
723
734
1059
4611
2491
4213
4374
86
5934
5804
1046
1838
1287
5882
3432
1667
5813
5653
3163
5336
6164
60
528
3383
2239
641
4436
1479
6002
2945
3555
998
4276
3198
5445
5669
3579
2952
5355
82
3493
5889
2542
4998
577
322
599
4388
846
5899
2309
3424
6111
1032
1262
2155
4472
4575
3390
955
2210
466
1652
3505
4439
3639
3538
5583
912
218
5443
895
152
5533
2757
1751
1823
57
4780
925
2715
549
779
1057
485
1702
4216
3192
5504
2283
503
3262
3846
2896
2085
3465
1324
511
1336
1757
5167
1333
6138
703
2483
4689
4714
4182
2731
5661
4317
2186
685
5095
5517
3938
634
509
962
3759
33
6162
2199
2869
4590
4314
3848
5755
2221
2424
8
3877
4792
4017
1789
2808
3781
3818
3923
819
563
2875
5173
5778
23
1063
239
262
4074
5667
4186
3106
1787
3731
6105
637
2951
6270
4300
5790
3484
3677
6038
65
308
4738
131
2261
3379
3713
4136
4329
4723
3520
284
3724
983
3126
1920
1846
2922
4802
4211
1247
3199
5417
689
3164
6278
2236
3278
4149
2942
1193
5946
1981
1109
5573
2548
905
5639
553
1104
5689
5297
1445
5193
6147
1407
3684
5372
5357
5466
67
405
2671
330
4152
6010
829
6160
2040
2116
5684
4458
208
1585
6283
5974
4076
2585
5640
5373
3011
3652
2528
3598
5569
2577
5875
4168
1184
2453
1429
4619
6066
2022
5549
4123
5489
1051
6131
831
3825
5715
3084
4824
3347
1394
2592
1761
2259
395
5538
2268
52
3121
5436
3348
6319
3933
1577
1776
2862
3633
826
6204
2396
2903
1768
1364
2735
3435
1551
1322
868
5637
1145
3402
763
4398
34
38
475
4461
924
36
2870
3185
6044
3955
5688
1879
526
2367
2822
3194
411
5762
5571
3829
6191
6279
1049
3573
3660
4911
4096
1134
1317
1151
1236
5541
4387
733
228
5610
4506
3240
209
3307
632
1052
2387
6304
1427
3243
5601
1695
2924
1455
3644
2468
2184
2371
4410
2973
3157
743
699
2359
5143
5084
3688
810
5302
5966
274
5604
726
2790
2163
5838
3230
2726
2913
414
529
178
2178
4022
3409
5831
3508
2598
3806
5322
1278
5263
550
3313
4177
5691
5626
3005
5910
677
1014
2604
767
1217
6094
675
3357
4517
1907
1817
3470
1219
4666
678
2789
2590
6057
5052
2222
2629
5665
1485
5104
4853
198
2929
5948
1163
4648
4127
4037
757
2099
5014
1409
4344
499
4328
4358
5774
4307
2046
843
5764
2719
4875
770
6277
5438
5301
706
3329
132
3413
2668
1830
6210
1470
4052
5057
5584
4247
3916
1005
2581
184
3222
3407
4512
5399
1242
4104
3151
6244
2269
676
3585
2660
5594
3618
3078
5746
2948
5133
621
985
2669
4844
3863
6221
4949
1201
2027
544
2801
853
2874
1824
1627
6214
3208
4914
1700
4643
2800
3247
238
2506
4805
4640
3737
1502
1137
1918
2087
6266
1215
5980
4546
2299
3643
2060
3346
5761
3776
3808
4443
5956
3751
5121
3495
3372
3077
5663
3888
1924
3816
263
5911
3320
5012
2007
289
1889
6197
2397
5086
6239
149
5723
3311
4392
5318
2477
5362
3621
4745
3438
3856
79
1876
3935
6167
367
3259
359
2150
5435
349
146
5087
2045
5527
1018
1630
5580
2679
4098
3479
3901
5892
3012
3625
1362
1313
2907
1848
2110
1547
5252
1452
1400
210
3043
910
5727
4362
1260
5247
3462
1932
3830
3763
5542
501
3575
1299
5707
1605
4597
3801
4418
5069
6109
546
336
4342
1169
4414
2249
2981
881
5775
1740
5071
3732
3118
2385
4721
1782
193
2257
5480
2758
4340
69
4661
4101
839
1233
3268
14
1961
5037
3867
4281
46
3523
1036
2770
1913
3754
3946
1801
1384
603
1973
5705
2090
2934
4337
2931
4962
3839
3973
2358
1476
4024
3823
4703
2769
1911
596
4343
5698
59
1267
5271
201
4354
3305
3463
5856
4987
6116
2877
5276
5952
1892
4133
3231
4799
1033
6065
6232
1597
1844
2595
4234
1499
2113
3676
892
2415
4480
5818
4402
1019
5197
6103
6035
3978
1473
1092
1443
1395
444
6323
1380
771
5921
1285
2866
1523
1832
107
1206
1956
1426
3457
428
3645
4815
3087
5658
4601
6257
884
1265
844
2177
4926
3169
2244
44
3412
5186
5812
3326
2558
4036
1814
4417
2793
875
1245
3337
5166
300
2475
5979
3857
256
2543
2964
1931
573
1041
95
1953
4978
3657
911
6052
442
2459
5765
4055
4465
3954
211
2547
4313
236
6086
2998
4822
1464
2381
2067
183
337
3982
5724
2112
4224
2154
5024
5874
345
4144
5718
6208
3712
4816
2437
1712
1307
5201
1608
5157
3802
3004
4278
4628
616
5840
4513
4991
2873
2634
5130
3969
1253
3083
5016
4006
832
2416
3108
1367
3448
1413
1132
2636
3170
619
6307
5990
3437
3057
5512
6095
4498
5063
1240
3512
2
1741
2536
4760
4301
3385
4323
534
3039
463
2703
4733
3911
2689
5816
3650
4874
4803
2250
5387
4740
4899
1773
1098
523
6172
3487
1591
4261
4223
2882
2652
5670
3339
3439
3056
1541
2894
742
102
6235
5860
2813
5307
2537
4174
5463
481
4350
4456
502
710
3080
2293
5004
3201
1686
5926
1491
1960
96
3255
2341
1602
635
77
4244
343
4154
5324
1641
2173
4618
4620
4823
588
3767
856
2772
2990
1506
2086
2402
2450
4935
5641
4391
3242
568
4139
3984
2426
1793
4043
1639
4556
112
557
2091
4763
5834
4705
1157
3130
4932
2515
841
5044
5625
2774
4049
2507
1182
6166
4115
5131
460
2571
1525
6078
5316
4322
2714
5963
6104
5051
6054
298
1133
807
5631
5633
1162
4813
2665
5236
601
5879
2863
3368
1349
6155
1661
1841
6261
3270
2391
5643
441
3146
5113
5018
6076
2912
3294
5265
4922
5635
3490
1143
4969
1942
2464
1777
3550
4102
4882
1516
5049
2954
5530
3783
378
4258
5861
3530
4920
4694
2718
1297
3098
1914
666
1270
4588
3921
5418
5207
3420
2838
4455
5192
538
104
2596
1564
2384
1211
3959
996
3666
1636
1797
1972
2409
2985
2365
3568
3721
4333
1958
1559
5620
1578
2607
587
2996
4898
2696
4000
1561
4173
5996
1811
2791
2527
5682
5064
2589
3137
5611
4572
4820
4947
1962
6136
5314
2883
1487
4060
4971
3653
3451
3870
1750
3797
5216
3330
258
1419
2984
3539
6049
6025
2756
4056
4681
3089
2399
4010
2940
5284
2885
61
4533
5595
4649
5100
2694
4324
3730
4788
4708
1704
4836
5660
287
464
1237
3445
3556
1371
4855
1682
5558
28
1209
3291
4064
3917
3354
646
6230
1305
1465
5238
4435
6297
4309
5801
5274
5560
358
4253
4544
4348
3045
4537
622
906
3081
459
4479
1738
4030
1574
1106
5019
4091
980
762
3581
5497
4859
1837
3841
4551
3710
3622
6280
2502
6012
3033
1460
2295
3376
4335
5525
6200
640
3436
2797
2032
1220
1950
5729
813
231
326
2649
1234
5799
5822
1629
5150
406
2133
3970
5502
1638
5378
4381
2709
4961
3099
897
3895
1490
837
6135
3300
582
4393
3815
2695
1875
5178
2288
2568
5023
3651
117
4833
2897
370
1718
3865
3370
5456
1656
5869
4773
421
4626
1341
4983
1870
4378
5562
6159
4603
1845
5310
5953
3228
5153
1613
5469
3799
2824
3176
3452
4527
5971
784
855
1083
2576
1436
6318
3788
3152
2274
139
5299
5758
408
6177
5885
720
3991
6120
5730
3455
2759
4913
1359
2549
268
4263
556
4768
5360
5821
4716
1527
5824
379
5483
946
3743
1816
5585
2615
5673
1114
5700
4451
3750
2602
2479
4059
4008
2509
5213
2580
196
3007
2028
1402
1170
4029
3343
923
5486
294
4786
3485
1790
4015
2082
2738
3364
5474
6082
1000
6173
572
4625
3447
3356
113
4405
206
2519
5035
3350
1434
4379
161
5578
5827
1684
4197
3945
1986
564
1987
3248
3038
5125
3881
1501
1492
3256
4143
3887
3028
2401
4734
4967
4667
1680
2799
4361
363
5285
4683
2675
3386
4846
5597
5572
1320
5657
6240
612
2826
1934
4584
227
5985
5441
2930
5556
536
4529
2655
519
1963
2111
3181
3173
2857
1181
2420
1123
2495
5995
2878
3761
472
6112
215
5289
429
916
547
4188
4583
2423
2794
5048
1727
4396
522
479
260
1808
1221
16
1800
5415
5439
3736
3589
1573
5886
1500
5368
5520
1864
508
2777
1647
2559
109
3218
5476
4153
3885
4023
2823
48
2333
2597
42
2656
1146
3516
4856
51
552
4966
97
4433
3610
1203
1717
2000
153
369
4018
2379
5185
4510
6314
4111
2974
2989
1586
5591
4772
240
3679
5234
3547
1390
2698
1916
6140
2041
356
2850
3770
3854
4305
3892
4403
5145
4868
2444
3957
3116
5957
1990
4779
4422
3971
3399
1243
4075
6023
518
2284
1873
5036
3131
2994
3497
4928
2511
3963
3705
1001
12
24
1185
213
3733
548
4007
2626
662
317
5923
2020
5388
4142
5614
3866
2856
2949
19
4331
5478
3790
6026
3701
3392
3051
1301
1450
1228
6254
1205
342
2783
4194
186
4698
730
3778
4377
3127
2233
3109
2200
2890
6117
1089
315
5608
4175
1719
2010
1263
4709
1893
6059
5564
3967
4535
4663
6
1493
1762
3748
5937
4419
1006
4057
6309
427
2160
3906
2414
2521
1338
3709
1546
944
2888
3537
2014
672
2618
623
4385
2400
1331
5949
3577
1079
698
1300
1842
4089
324
1344
9
836
3042
2653
1289
754
1306
6315
3355
4756
5344
2319
2570
3408
718
2107
1886
3260
5453
2853
4656
2633
253
2498
4125
5306
497
20
885
3693
4964
54
515
5273
5695
3310
1722
62
4938
3481
2681
3966
4975
4053
3722
5763
1187
4691
3931
323
191
5440
5888
5951
4122
1354
4204
3426
2331
5394
752
5819
3527
2925
5361
4929
264
3295
891
2134
5180
2207
1530
4283
5912
3855
1058
2128
4145
3964
4352
6184
4581
3879
4871
2613
3937
4956
3349
5757
3596
3723
2723
3358
6011
2219
3974
1692
1590
4713
1507
1993
6014
2562
835
732
2117
714
3232
674
1569
5532
4282
5716
2512
4574
4291
3362
4832
4081
2938
6313
4860
506
3196
2092
221
3095
6218
4110
2560
2176
2218
4446
2417
1556
1713
4493
4624
1871
3041
2327
5200
474
887
5863
888
3647
2608
5901
4147
3597
1100
4321
541
4327
5472
1168
4536
1839
3603
313
10
2096
2650
1122
5256
4571
739
1505
5622
3742
3366
5579
5907
1004
71
663
2157
2788
5411
5339
5929
2987
5401
4668
2578
2621
660
3476
2360
4919
1946
1282
3826
1754
205
242
2534
5405
1471
1095
2809
384
3682
1997
6267
5967
3367
1186
3953
4227
4790
2936
1310
4526
4130
4356
3595
3798
4062
4025
2056
1923
4889
1512
192
2523
3418
122
2746
6287
590
2213
6099
3345
5902
447
904
3768
1204
6144
5793
1904
1744
1291
4481
2038
5873
2187
3805
5737
4251
6008
3213
2910
425
1877
2304
5783
1088
316
928
5554
3123
5410
2962
3929
5984
5826
5429
5970
17
5161
5393
4685
6055
4566
1356
1218
2620
1096
2294
5407
5960
5823
2729
942
78
3092
3928
2972
2019
2171
4658
2787
1249
1659
6310
5377
4468
3680
121
303
407
4005
5771
265
390
3734
1663
2648
581
431
1179
769
2306
5110
4700
4927
1642
5481
976
3361
4736
3288
5300
5198
3703
3874
4895
3154
4294
3842
3219
2211
2166
2691
4951
6130
1113
2624
1178
1002
4069
288
1678
32
111
4865
2538
27
1352
5374
5293
823
2911
4160
3898
4602
462
5566
306
2628
3314
70
5540
2751
1595
4904
189
4596
5451
4129
5402
2686
1619
4495
3062
3141
545
4880
6108
994
4591
2565
72
1791
5992
3757
1890
3681
1681
4028
2123
5503
49
2995
1482
1783
354
2119
3003
6286
292
3956
3249
4864
6154
4944
1976
5806
99
3558
2076
4997
4502
1448
2961
5363
6042
3239
2921
3254
5204
3460
1441
1529
212
5703
915
5731
6246
5598
439
2300
461
5432
4993
1609
73
4225
3233
233
2540
3540
2852
2058
4907
3013
4346
818
2763
3948
5254
610
3494
5809
2976
805
5020
3518
584
2500
5408
5514
589
2773
5149
2395
175
4501
2419
867
2412
1161
957
3052
3302
426
1086
876
4862
2080
2490
2411
659
874
4869
4046
571
3328
977
1368
1746
4758
3086
6090
3063
2732
1631
3584
2069
257
495
259
5334
1856
3333
682
1040
5151
1261
644
882
2944
141
4569
4579
1687
5930
1617
3699
781
3554
3073
2291
2089
6290
2499
3297
2902
4315
2716
3097
1222
873
4905
920
2898
1411
6174
850
1720
1418
4702
1177
237
4761
4050
1785
1714
2632
2122
1119
4724
1731
708
5792
5928
4622
1423
1610
2266
6040
3414
2162
2078
4083
748
5586
3674
5392
478
2167
355
1792
2449
4562
879
4678
3344
1855
1064
4298
3988
1901
5490
929
2750
569
3792
820
6249
2771
6320
3664
4357
6247
4531
2843
930
5294
3983
1302
4150
2943
0
1562
4522
3428
155
1167
1622
4118
2785
2077
11
5053
4515
5711
1917
4850
2639
3352
2338
2204
727
1401
1124
6187
2958
4676
4033
5120
4783
4158
3251
1878
3037
2727
5654
2619
5179
2182
5223
1711
3613
2059
1469
5559
5522
5872
2037
4674
2532
3827
5250
4196
1796
2418
4600
5754
165
2744
3634
1188
3926
1139
2375
5011
5327
3872
5798
437
2999
4230
5298
1462
934
142
4045
3594
3878
6043
4318
5022
2683
6139
5459
5050
4156
6039
3391
4500
1766
4528
943
2363
247
4669
4586
3050
385
5434
1314
2260
1075
5231
5557
4627
1807
2606
4870
249
802
1110
1821
759
2593
3804
684
1745
5744
2073
5009
64
6107
717
639
702
750
5678
3663
4707
58
4141
3321
339
6312
5728
4250
4918
3616
3160
4999
4497
1136
4065
5659
4312
3968
5465
2486
4280
4320
375
6175
514
690
3902
604
2837
2470
1803
4559
3369
3844
6124
691
1550
4302
2393
319
1568
4373
1056
5054
6067
1618
108
5028
559
1257
4243
790
3019
4680
3560
5851
1298
5187
224
458
5239
3210
1080
204
465
5333
1968
2120
4511
4629
2792
5347
103
2730
1180
567
6003
5206
6150
2205
398
751
631
4754
5479
2666
1781
5740
482
1650
2899
6041
2009
3049
1172
3504
3168
1017
2881
6205
4051
1438
5281
4719
5605
4453
4834
3900
1340
1965
2229
1868
2227
1628
3182
5470
2854
1708
1118
3591
2192
1276
4159
6000
5163
4400
2015
3483
2959
772
4912
5544
5515
3459
2023
3134
494
798
2782
455
269
5576
521
4114
797
3040
273
4203
2413
5787
697
2223
2469
2164
3853
4604
3002
1964
3220
688
824
6075
2697
609
3029
5205
6163
4167
4014
3672
5257
5548
3241
4039
5810
4744
4679
5918
5041
1478
1624
1640
6228
3524
1069
1570
2377
1454
2914
90
908
1915
3427
918
2672
4134
4828
2106
4380
6198
1910
4710
148
3264
5632
1948
3467
2971
3258
7
2439
909
5076
1417
1389
4404
6285
4429
4027
3859
4488
252
2591
5662
3453
4462
5124
1130
5077
5647
5955
794
4968
3689
3562
327
5123
5842
4138
4325
4067
4930
5732
1475
1593
5749
3266
2684
3720
1979
3976
2492
4810
3894
652
4330
351
2825
1674
4605
5602
6028
1156
3036
3101
1366
5714
1377
4908
2322
1
1723
5829
1543
4576
415
2036
5386
1996
1403
731
1743
137
5832
4570
2425
5427
6255
4766
1392
3377
1725
4288
1860
3212
136
4277
5219
1398
1391
250
4986
1050
3079
3411
4797
2342
1896
4582
293
3464
2872
3545
2347
5785
1483
2525
1853
5191
3253
5264
2711
2216
13
1008
3820
5710
4254
4072
286
1363
735
6171
2079
6223
4412
3229
2353
628
169
2993
6238
2841
328
1053
705
1197
2017
244
2243
4814
2828
5406
558
3769
409
277
4847
5183
583
2442
2179
4171
2807
1515
4887
1760
3544
5202
815
4503
927
2135
3667
158
2132
4299
3717
894
4200
650
2804
2909
164
1503
1158
487
5998
6275
1991
940
1532
4438
2336
2736
5864
1795
5983
3671
4242
598
1440
4201
6110
35
4353
517
6182
5448
469
3716
3822
1677
1858
4058
5194
4266
1190
373
1658
3387
53
417
5800
2778
5943
2084
6118
4463
5859
3551
1231
1047
171
278
3711
5696
4459
2197
416
2455
2836
5922
2254
4431
2430
2889
2094
4066
1164
2083
1563
2687
393
5098
5954
2514
5513
4255
3129
1804
5116
5916
5516
4469
6036
6092
5241
138
5825
362
978
505
2168
5162
2915
6179
2440
1548
1196
2627
5181
3706
5596
2383
4430
4100
1651
3133
5080
3234
2066
6192
3325
4781
2125
5582
4080
4612
3670
1463
4843
6100
554
1536
1998
5168
6101
5636
4269
5621
2569
3161
4883
6134
2579
4372
6224
1694
3919
1489
5211
1060
6080
2488
3531
3860
5056
3824
5122
154
2053
1259
3336
862
5235
214
4830
2717
1866
1625
5409
1410
2983
4697
6114
5354
5184
893
3925
6145
964
3064
5933
2510
3119
1632
2705
1189
3775
1296
2742
5477
3341
5243
3526
651
3142
4332
4178
1829
6231
380
1634
489
4507
3648
5702
5592
255
2518
5719
952
711
2047
520
5550
3623
1966
1386
2805
2002
1264
5789
5895
1549
840
1210
4336
4441
4287
4730
6245
4981
89
4994
2220
1936
105
2740
1633
4539
1957
722
1174
5977
2185
4271
4573
1304
3779
4035
5999
825
4199
3384
2068
1466
1277
871
6324
5089
670
1810
3373
1230
5871
5356
4917
3698
4839
5092
3501
2292
4996
3289
4699
1013
432
6292
2704
3665
5795
683
5500
3765
1933
3074
1599
5268
4272
420
1769
3525
4370
2920
3587
3308
5652
4563
5713
2378
5679
3149
6209
6046
4852
2722
3009
473
724
2884
2180
1949
2685
4749
3235
5007
4933
5296
2749
2137
5457
5991
4819
1885
3277
4690
6056
5348
2389
5083
1121
3171
6281
5534
704
1818
2564
2992
4924
766
2201
736
1353
2550
4891
3569
3172
1422
3138
4432
5066
4980
851
6180
3661
4637
2880
5175
6045
3461
4717
1378
1690
2786
2858
3890
1486
6316
1131
299
5423
5189
2270
2803
4413
2658
1246
3104
3380
5745
3114
129
1954
4793
1387
5914
2752
1710
6143
3791
935
423
3332
2895
1906
3631
551
2159
1374
2275
4148
2302
3570
2146
693
4464
467
869
1283
5034
4644
3477
2906
3678
3834
1090
2382
4796
2887
2033
2265
4117
1514
2093
1365
1153
2646
5248
3632
1358
1660
2775
4249
2410
2226
5335
5521
2241
4801
2848
2245
6293
4231
3614
5091
3571
2622
3048
527
2616
4650
4326
932
235
2493
1183
4390
1107
1078
507
4851
1112
1665
3541
1819
2831
4755
3756
5987
301
4395
5447
877
4492
5384
2927
4578
4020
2513
5313
5756
4974
1274
2947
4706
5484
945
2372
903
2030
2012
1256
4179
6321
696
4555
282
1031
6142
2062
5920
470
6242
1733
1772
2970
3165
360
4297
3793
2553
1975
1653
5986
936
3903
3478
1895
3641
4800
4886
1239
3284
5618
5212
91
2638
1669
5473
4910
2196
3417
1982
2024
2445
5128
371
4239
1989
6133
334
2408
4088
2979
679
2484
1615
809
1424
3687
3528
1142
4616
5721
3500
3981
2072
4977
5137
310
3265
1030
1191
3351
1522
434
6102
2810
5475
5690
2892
1967
741
1458
4273
4888
163
4759
4696
5232
2465
680
3638
3847
5118
4984
3655
5280
2380
4664
1552
2335
5950
217
2917
5325
889
1509
5648
5269
5706
5068
6127
1827
4205
1067
758
5646
1385
3979
1939
5134
4135
2307
4241
4943
6272
5738
2126
3456
3708
580
4748
560
1252
1944
1425
1596
1202
5743
115
625
5883
5945
311
5574
833
5606
225
2311
4952
5328
166
3514
4925
5042
3771
5896
2026
937
3088
5797
786
2645
2582
4041
4872
1223
4090
2501
180
4936
5395
3312
3166
2427
4176
866
25
6148
1323
2355
4646
4275
1927
2189
5454
5135
3227
2328
713
857
1959
5609
283
2175
5817
2980
1794
5060
2625
995
6007
592
5038
3430
1327
5568
2956
883
2966
348
1894
2588
5846
3204
4665
5782
1173
5699
1295
3943
740
898
2953
5422
488
3267
347
2623
124
476
5170
2435
3434
3836
2916
4048
3446
3752
5262
1763
5759
2919
5634
5001
5485
673
5552
2573
1316
4645
4727
3715
272
5279
47
821
999
3317
1594
5709
3883
1102
6269
1480
3762
3128
3719
443
3261
6017
2272
3008
2796
3162
3850
4931
6153
3695
4119
346
4475
3548
5760
5244
3113
4164
5349
1869
5119
5030
4940
6074
5570
4470
412
5962
85
181
5981
4411
6206
3360
187
353
3728
1416
537
3206
5222
4509
4534
827
182
5370
1420
1521
4794
3423
4042
1771
2252
4686
2725
5642
5939
5784
5492
1027
4095
3944
1565
3388
219
3103
4677
1074
3601
4093
4389
2051
1872
1496
2467
1925
3026
902
2373
5539
2600
4368
2851
973
6289
6006
4519
3882
2212
602
5105
2728
2941
2362
4982
6165
3306
4319
1431
176
1066
3582
965
2108
3952
5249
3363
1897
5142
5808
1396
2933
524
1600
2480
1519
5776
6113
5491
5065
1921
3090
5245
981
5043
1071
5253
2370
3117
4434
6084
2845
5546
4264
1044
2904
5308
3999
1679
3396
5589
4032
2321
31
5734
4406
764
5736
4660
5575
5210
4366
5876
5367
4473
1572
2039
1691
2842
3257
4775
338
4514
1268
1393
1770
5315
1539
1421
4155
1616
5638
440
1198
2374
4092
1111
5942
3017
668
2631
611
3272
4992
2923
374
1015
1045
1117
3696
2428
2011
3624
617
5616
3032
3640
1734
1666
4655
5323
1345
5218
2340
3559
4467
4306
2830
3096
6170
4284
6185
1742
3226
4245
648
1433
1555
4360
4491
2968
3298
3893
4063
5021
4265
3817
5196
4541
6013
2908
3515
4364
5796
3619
2109
4585
2324
1449
607
5495
4906
3318
1701
3905
561
1399
1623
593
5551
2868
991
2386
3583
5958
100
1688
110
2487
1788
147
5337
4524
1042
1905
5603
4934
4339
418
2524
1152
5506
4701
3202
3735
4837
1414
5735
3627
87
1266
2315
3047
98
2760
2814
642
792
3549
5807
3758
4682
1077
3286
4240
1843
4751
5862
1361
3858
2561
5733
1606
4508
4530
5433
971
2767
5509
1035
4958
1250
595
5107
2541
3563
2865
3891
5836
3998
6096
3335
4595
3795
496
1929
76
266
5350
3404
1076
4078
2986
4728
5668
3739
456
4613
4641
1696
3068
986
845
2820
3065
562
591
3449
267
4608
3629
1736
2035
4598
5628
5376
5242
5854
1862
5748
2997
6203
4863
5359
382
5400
3075
3156
6195
2151
162
6161
5330
4222
56
1891
3849
806
2136
1093
2251
6219
5835
6126
3338
4437
2303
1147
949
5599
2149
4970
1292
3714
2368
6265
3469
5390
2052
3578
6296
2242
1351
4923
4420
5725
101
2967
4988
3061
6021
4829
3440
1028
5686
2657
4198
1526
3375
745
4538
2975
2456
2343
3140
1884
4109
2461
812
3299
1148
2741
3586
1826
3444
5305
4021
1103
3796
5649
744
1571
4521
2044
389
493
4818
5319
1154
484
3058
2282
6063
2839
424
1335
3472
3536
5462
4884
2530
2016
4753
2867
2147
3296
627
5062
5587
917
2169
5217
4876
566
4477
1347
6156
5225
3840
1003
3324
4351
1558
2611
453
365
6268
177
1834
2156
3977
6229
3458
3511
4260
4105
185
1099
5182
3707
5830
3394
4369
738
1945
3961
5366
5169
6216
3932
5272
1764
5174
3031
1315
3642
3389
3279
6005
4568
2871
5416
4764
4212
756
953
1937
4635
295
1494
446
1935
3271
3694
2707
2563
3510
2280
4825
6027
3656
2765
6093
2048
4867
1325
4246
4112
2013
3178
40
1645
160
2447
4606
1524
6030
3615
2131
6079
3794
5545
2139
4236
83
2264
4881
4085
5487
5482
516
6311
2812
4729
4034
435
2238
3189
2834
216
251
335
387
1566
1693
4286
3125
963
2329
4715
2780
4778
2678
606
2217
125
2520
5156
6089
3274
4106
5015
1303
5342
2098
2203
5619
127
4550
3772
1518
3851
6069
5468
5769
1318
4482
197
2762
1176
510
804
156
3365
3811
1644
2101
2181
5866
1481
1258
816
1208
3546
3746
773
914
2316
