466
2549
2907
553
3152
767
4597
3457
4513
2227
5251
4133
3988
3582
5060
1402
3810
5348
2068
3461
2833
1885
3772
1324
1206
2075
2092
3227
5299
3542
4484
4551
1583
2104
375
2703
534
2745
2127
4895
6086
3053
2808
655
4236
4641
2804
2069
2983
4139
4667
4646
5405
2273
2755
2359
3534
2438
1874
5601
2358
4184
2521
3707
3184
1399
1161
2026
2872
5537
2665
2550
6306
3495
3715
505
1277
876
5027
928
6244
3999
1092
1789
1060
26
1638
294
1138
3608
6180
5809
6320
4750
4520
4945
2408
4534
5284
3345
1537
3782
4058
322
3492
4023
2591
937
2114
2266
761
1663
5497
3719
3256
5920
275
2540
4306
1919
2094
3921
4197
6057
3724
4290
6148
2504
6034
3367
3144
847
1185
5563
4493
1984
5686
5288
2876
1283
5859
3856
4992
2447
5083
124
1249
674
2268
2460
6302
4544
4685
757
5259
4457
4952
866
3826
3058
4069
2494
3185
4603
920
4915
1296
3915
4187
5320
2806
192
2189
4124
214
4390
3263
2000
5471
2786
2729
4321
3358
4521
3766
4980
1544
1724
421
732
2532
5011
4839
5713
4819
2620
181
3765
1449
1985
5557
6228
3248
4085
5122
4711
852
2657
2758
2967
3251
462
1860
3564
2830
5416
5292
5970
5091
4049
5217
3371
1192
5435
2674
2822
926
1882
4919
406
4003
1637
3572
3709
3378
2473
1719
4192
4345
3617
2004
2182
4580
3819
1696
3241
2239
764
6150
5131
1354
3718
6258
4578
5353
5690
2576
489
6141
2341
109
169
4392
283
5085
815
5488
5902
1572
5767
1596
996
5163
171
5164
5344
1150
2914
946
4695
3295
3831
4393
713
411
2325
2097
573
2448
3601
4708
6146
1901
5077
2559
1007
1143
3298
3798
6210
4341
3162
1030
1925
4786
705
2552
4803
4548
1843
419
1419
816
3463
2579
4090
4046
3578
3282
3243
5244
3226
2220
5399
4249
1017
4024
2151
2547
2764
3415
5128
3126
2663
6321
357
1808
6143
416
2471
3900
1817
1085
4201
2509
5186
4953
4781
4482
5516
9
4506
4905
5094
4149
3186
796
2213
2541
4302
5249
1502
2210
5610
2339
4912
2176
1166
2276
5438
4287
119
2555
1800
4500
4827
4775
160
2085
2091
4857
6158
4793
1075
1141
1681
899
485
1906
507
83
835
3366
2966
1627
6316
6174
5325
716
5718
5391
6191
1995
1657
3959
1856
1133
5332
1527
829
293
6028
5836
4798
4622
1683
479
5099
927
2362
438
6162
2437
1455
5646
4403
1464
4098
1928
2099
5789
369
2037
3347
4724
4442
2735
5635
2078
1113
2696
3346
3867
3023
3101
865
2864
4312
2344
5343
4752
392
477
3418
944
3926
5454
2942
4092
2991
5241
427
4965
3254
5372
857
2441
1478
97
5016
340
2018
3225
6130
3977
3602
6103
1969
5148
1758
2865
1587
957
733
6041
3000
2614
5495
6220
5726
613
5306
3147
1585
2606
1196
6246
4689
2462
4205
1912
349
5486
4136
2261
2374
5333
1320
4181
1603
2597
3249
1658
2935
1735
100
4652
2760
3335
4471
240
3781
5005
1508
5849
6099
2167
2671
842
3546
4969
595
5932
1298
2562
1605
5650
4593
2019
689
824
4002
889
2581
5738
3528
4670
665
1454
2784
2251
3793
238
4970
4734
3797
1457
1291
4925
229
1829
2634
4083
4262
217
3012
4883
5082
1740
2234
2738
3919
2531
2503
273
5714
4261
4064
2858
1232
2710
4423
3419
5258
5227
4891
4367
5238
6183
5741
3519
2849
2232
1803
3908
3327
5235
2999
5066
4418
6294
1714
5092
958
3040
4473
2789
1570
4006
2238
1198
1485
3117
1648
2143
763
4504
4800
4640
5961
2990
1265
4834
5861
3035
2886
1491
3387
2746
2119
5035
2557
5731
1111
1033
2
5304
141
2087
793
1777
4030
196
3076
1568
989
2736
3408
5637
4729
2108
1883
298
3736
1390
1660
2469
5614
5264
1176
4373
1749
1429
622
1765
1526
5096
2342
3829
1945
1501
321
1404
4425
1040
2542
2757
777
2247
1436
226
4956
6036
3666
2369
3199
5664
2289
1895
3289
3974
765
3361
669
6171
50
3790
4243
4417
4299
5419
449
3516
1325
5190
5875
5493
5644
1826
3245
1609
3758
3964
4494
5691
5894
3626
1559
3747
440
4266
1751
4577
2313
398
2734
4623
2093
5216
4490
3521
579
4604
3605
6059
4514
145
5770
4979
4792
3616
4226
3682
1516
812
3139
5906
2884
3717
383
490
1483
4040
2499
820
1055
5825
1939
5132
2799
346
1125
2518
2641
151
5364
5272
5742
5869
869
1456
3370
1750
3467
5150
4168
5417
5829
3559
895
1550
4511
4313
6157
678
5289
4917
4720
5739
3823
4852
484
288
601
1785
5341
5820
3173
6045
5953
20
5160
5549
1366
2187
486
6149
4469
5648
2152
2015
1146
3825
2582
1330
1736
6303
5998
1479
3787
2987
3434
3362
1287
4822
1815
4340
5755
6270
4946
3714
5347
1728
1453
5784
4451
112
560
506
3437
95
1135
503
5716
6216
885
1362
2045
366
4887
5054
2371
5602
3941
2426
6280
2063
4103
1546
3297
5278
3013
1687
2781
981
533
45
4543
3931
347
2554
4284
5104
299
2487
4904
2497
1301
1476
6151
4315
3425
5345
2644
1365
845
3145
439
5700
2228
3597
5230
723
3511
619
3250
1536
2455
730
988
5472
393
4974
3741
3490
372
3305
3557
6076
3854
5817
470
4077
5147
390
873
6201
6066
5014
4311
1757
3874
2647
343
1774
2526
5536
432
125
5786
6213
259
311
2386
4599
3312
4343
1108
2889
5862
5768
3865
4773
1878
5656
4899
4271
363
4939
1307
2841
2679
5452
697
5183
4755
5993
4930
5112
5314
4162
3896
520
1538
5038
6195
344
4984
3569
1944
6048
1221
4533
1732
5109
5633
6263
1155
129
4642
2589
4289
735
4713
5828
5366
5119
1844
3406
4019
1980
1563
4832
1077
6053
4182
870
4220
52
577
431
2428
3499
3216
2453
4770
6065
4437
3836
5474
4981
5489
3003
260
917
4733
6266
2350
610
5490
1379
2602
563
3902
5436
4369
6215
1942
5934
3468
2571
4541
2411
2204
373
4073
3388
5611
2128
6313
4699
5999
768
1974
3481
5895
1911
11
576
3273
726
987
1771
4709
6139
2415
1983
2587
79
846
4962
5928
738
1233
912
1377
6022
1541
3733
2255
5776
942
2730
3761
3342
3922
3350
2302
2036
4033
4012
4671
3947
162
3735
330
1610
3937
6083
5400
465
90
2291
362
4731
3884
4542
3935
5102
3894
4505
3128
4062
3652
2732
4134
6003
3679
2648
3414
818
1797
248
6239
6030
5229
1686
1961
5134
4774
4487
5269
4323
729
2461
2025
3168
5327
4072
256
711
1289
925
1286
4303
1772
286
955
4195
4448
3380
492
165
2959
1173
5502
1065
5396
4811
3122
2791
5779
2565
2364
5330
5374
878
5276
5428
4177
935
4873
60
1591
5971
3558
5808
3555
707
1393
1247
2933
2619
5386
2444
1947
3914
4171
4166
282
442
2971
3987
3685
3554
2401
2505
5328
5799
4849
128
4215
4250
4627
864
1628
1318
3882
5589
3711
861
3668
668
1810
146
4572
1347
6000
5977
4814
3449
5491
6219
3218
1019
4242
5240
4796
1862
3842
473
2639
3039
108
2240
6052
2286
4048
5103
4552
2194
5659
4997
3197
4447
1722
2226
5556
4222
2200
3753
4274
6235
530
278
478
4350
990
5208
4401
3246
3447
3657
2629
4661
5465
6261
3017
268
4538
734
2223
1267
166
2133
5388
114
3818
4362
4209
63
16
4509
5178
3777
5978
805
2377
5363
880
4495
949
6290
2278
441
4515
4088
1718
3533
6310
3773
4861
2203
3576
1650
6166
1395
4439
4416
2862
3934
5468
1028
3904
4527
2360
3138
2923
1936
4838
4075
4779
3579
163
4613
5830
2277
5129
1813
1387
3756
34
5642
1499
1306
4922
4422
2298
4067
2450
1
5730
4349
4355
909
4996
1977
4189
5823
5900
4356
1127
5624
144
1759
904
3943
549
567
4389
4549
5446
976
6082
5013
5529
4688
2733
3599
4833
882
4877
4239
2124
5317
3755
2585
3202
5406
3462
4435
4813
1612
5365
5832
5627
2890
3299
2951
3840
4588
2826
4421
2863
1654
3788
4224
5980
6286
5626
4157
3873
1555
1616
414
2023
6160
766
1715
1584
2516
2400
2483
5857
2073
1470
3611
4910
1209
1988
4817
715
1685
1913
4758
3356
40
3745
136
2741
6094
4334
1432
3784
234
4772
736
1833
3861
404
4942
4475
1784
1948
1851
2175
2005
205
2066
424
5043
4569
6224
5290
4835
872
270
1191
6176
4994
3228
1606
5728
3372
5660
2394
776
5462
1353
3280
1071
3008
4391
5888
2248
4432
444
2225
2216
3789
3474
1564
3060
3166
3190
2418
5780
5546
231
2832
5155
204
2623
5720
5708
2512
3973
4628
3316
5771
4636
4314
4150
1734
710
5929
4143
5201
5197
5324
1049
2008
531
1737
4768
2761
1565
5143
3207
1100
334
2618
6005
658
5125
191
187
3260
687
4043
3471
4831
227
5733
5282
3148
2560
644
2158
4310
4687
5584
1293
1548
5715
382
2635
2319
5802
688
1041
1082
929
5176
2147
329
6087
3421
5437
72
2796
5858
5071
4379
4342
5712
3951
156
2561
3767
4616
1373
5636
6267
5403
74
5515
2633
1504
4763
5135
1854
32
1955
1770
2698
2894
241
338
1194
1228
2508
1629
4212
3956
1857
569
1692
1333
798
1001
1281
292
5572
1982
1796
6218
2198
1641
5866
3213
6114
3912
172
585
3194
1021
6233
2905
487
4799
69
230
6265
2773
5878
216
4562
5946
4382
4875
1972
4769
3901
2687
6002
5334
5545
1084
4038
5158
315
800
429
830
3077
933
5654
3211
488
4331
4386
5810
3909
3302
1357
522
324
3223
64
85
3
2544
1418
2590
2720
1701
1676
1656
5237
2988
2519
5617
4921
2545
5308
4626
5355
4909
5370
701
4477
3612
4214
2139
4104
328
3443
5499
3234
96
1423
4714
4404
633
3688
6107
2673
3929
629
3804
3539
3583
3124
3716
2949
5064
1172
5342
2048
4809
2624
6047
3880
2290
4001
3433
335
2347
2943
2083
4223
4466
5898
3081
1645
247
5957
3318
59
155
1525
4665
4594
3396
2180
5219
682
1005
2603
4747
480
4011
6088
5681
769
3089
235
3189
3359
2920
3925
2782
587
514
2766
1489
3399
3057
3268
314
4497
4004
410
3639
6020
5919
923
6241
6229
2654
3452
2323
2132
5305
675
4348
5744
3493
5855
3209
1022
1745
2138
4458
770
4558
6217
2052
4898
2224
152
4449
2883
5398
4771
650
306
2380
3631
2171
1098
2475
631
2464
3690
302
3695
4400
228
5994
408
5885
5022
3513
4407
5380
3050
5842
2156
3339
5506
310
2622
4093
5105
428
3107
1226
973
5883
5639
4539
2027
1285
183
702
4344
405
5026
1254
463
436
2110
1783
4169
2689
1510
3869
1093
3547
5570
5541
1145
5422
4351
2859
5385
5583
5500
743
5494
2790
3571
5675
2405
5991
1952
6308
2625
5007
4218
3621
2840
5840
24
1045
541
6186
5115
4137
6021
3585
706
2855
3754
2724
4697
2300
4568
6108
4272
554
744
3920
2984
4307
4517
3638
3108
1886
4555
1074
1531
5369
386
2827
2792
4567
4978
6168
771
1819
3728
3324
741
4398
3340
966
3113
3841
4744
4154
5151
5159
3407
3150
3237
5484
686
5156
3103
3676
6132
4339
1535
3846
2714
6249
2899
2423
107
4414
5676
3649
1406
4240
740
1471
2677
195
4810
2611
921
3967
1076
5792
3154
5349
3348
2330
2051
4436
358
3329
4647
154
1381
6040
2055
3689
6304
4216
2632
1186
537
6009
1201
3385
4825
4247
2699
5323
319
2900
2076
5950
4725
3405
4748
2604
551
4406
806
3133
3613
3877
6248
1401
1767
691
2024
3059
451
31
1446
3732
2536
1670
2490
3952
4167
5461
2873
5721
6054
2416
1091
5697
3580
4119
1180
4173
6120
827
1574
2022
1034
6116
271
5600
276
3398
6017
4444
1000
5931
3266
6289
1170
5020
4430
2694
2279
3933
215
4601
4420
2141
4431
1644
1841
5443
2888
1311
1754
4609
4600
3001
4174
3094
5331
4884
778
5773
5161
2336
4254
4526
4878
1845
4703
1142
4677
3383
5168
3830
4056
3541
4764
5782
5485
2513
4868
2166
250
1112
1315
648
4844
993
6203
2354
783
4483
747
3159
5434
676
6027
1332
3304
2895
6018
4256
802
3161
5989
5736
255
1309
4598
1571
3134
5847
2963
523
4459
454
307
203
5286
5018
2749
6100
2043
3883
4850
5478
2693
93
1472
3296
1210
1323
5623
6298
2079
3146
662
2929
222
4971
2835
4160
3742
4328
5680
5548
2817
2577
2592
2771
5735
3276
3448
2328
5800
3693
1968
3323
2612
5228
1462
380
1475
5477
2776
1121
2436
4381
838
3037
3862
5577
5756
2713
3822
30
4015
4654
620
4117
1704
232
721
692
5688
1776
5215
5425
3409
2802
6291
1089
4074
1946
1367
890
2915
5045
2979
5088
4027
5339
2564
5246
1830
1679
6029
304
3816
5382
6297
5612
3795
1957
775
722
841
3744
5749
645
3098
3796
6124
2583
2109
122
1859
849
3889
1488
4617
258
2454
1614
3021
5974
2852
4440
5127
2197
5475
3872
4094
2737
1073
1088
3751
924
1630
80
2422
4291
745
4172
2820
54
4326
2952
5509
5047
4503
1632
3065
2333
3325
6104
5340
2922
4869
5948
2456
2596
3337
3314
661
4468
4829
4060
6135
4054
4818
646
545
6207
2433
2896
3473
4629
2815
5
5413
4411
1272
875
4566
2288
1950
3070
542
6072
243
2115
891
4409
4238
4630
2660
4153
3523
77
5886
1438
2274
3983
423
5663
3031
823
4300
233
5260
6282
6223
3413
630
598
3809
2254
2662
1814
1339
2129
180
4086
3336
1046
459
1994
2314
1338
3428
1866
3121
1433
3389
3127
5724
2299
2379
2975
2047
2021
4277
2637
874
3760
779
833
1015
4507
3663
4269
4112
6260
1101
4202
4894
1744
1921
1403
3828
4886
5243
5709
6032
538
3306
3776
2649
3025
1960
2653
956
3004
4639
5846
7
6039
3589
1312
3291
2763
1804
5595
4061
582
4943
4625
2186
971
3459
962
2584
5250
2700
5582
351
92
3466
2813
66
3878
5954
3720
1586
4335
3394
1822
1421
1029
5719
1213
6292
6184
4784
2332
3821
5009
5387
3635
6033
2616
4467
4591
2260
1078
3229
1234
3677
3309
2930
5453
3252
2148
1780
5376
1204
3731
3351
5607
4380
2958
1006
4924
5616
2191
1532
3453
1246
2365
3662
6046
2787
3427
953
6084
1723
1889
3074
2568
5838
5360
2493
3397
5598
2214
4263
17
1364
6075
327
6010
1212
1441
6069
5193
2295
1095
1466
2409
5588
3770
2185
3746
979
6238
517
5062
4441
5309
588
611
3236
5893
2020
5569
113
2936
4115
1428
437
5202
4989
5969
2135
3890
1712
5940
3217
3488
3619
4055
3313
3487
3723
3994
2643
5255
4360
4111
5426
164
608
3286
4859
5753
6205
5531
1244
3326
2304
14
2103
3069
6212
4679
56
4047
2973
5213
4267
6023
4246
3328
1989
2567
3923
2998
3800
2948
968
6252
3391
18
3272
4039
843
5826
10
2271
2831
1590
3752
5002
3587
300
3430
4053
737
1747
2652
2520
1310
6122
4316
6312
1369
3563
501
4486
1818
208
3697
1259
1823
1131
963
4743
2989
5839
6008
3981
4518
786
2190
6064
5831
3698
5547
4762
3778
4936
2646
1050
712
3575
3962
2944
4991
2528
3817
1666
673
1319
2434
1337
2969
65
4592
1405
4234
365
5048
3549
5233
1400
5881
4637
521
1867
5815
5653
1877
1162
5209
2173
5668
5841
808
4396
2222
1880
5606
3525
5620
4233
628
5540
3092
1680
6126
1529
5361
3390
3700
3686
3078
2848
5481
4579
388
1976
2062
3916
6109
5981
2913
753
4824
5410
3253
4659
643
6085
1407
3381
2096
4855
4902
5590
2742
5067
547
1592
2775
2877
178
1044
1729
3373
3475
2284
4885
3096
5004
532
3911
5958
1914
5671
594
3713
246
4110
3456
2303
4723
5053
1175
1370
623
1543
5204
1986
2161
1908
3321
6147
6102
3024
2366
5087
5442
5210
5803
3848
1576
1445
207
708
2242
2205
2208
858
5701
5984
2250
5737
1086
1907
5450
5275
3281
1081
4608
1051
4999
727
1477
5029
916
4696
4324
1130
1853
1165
2683
3976
2172
3271
4805
4788
1027
4820
4983
2769
2880
5652
5166
2866
2275
759
2968
4903
739
4867
2525
3997
1693
5581
3568
3293
4570
3247
1697
2256
6227
6113
1667
5191
5356
6170
1951
4745
19
3510
5017
2658
3392
5242
4145
3958
2739
6187
1524
263
6278
2867
6198
5863
5535
6314
2882
5261
1999
959
3529
5037
5665
5224
5449
46
2399
1809
4944
574
5619
2956
5854
1036
2445
5880
4940
1678
6044
1659
3048
3588
3203
1152
5567
5558
3027
4036
5903
5116
1642
1528
5678
2816
5291
2684
1838
1863
1902
5252
5985
886
265
746
5256
836
3858
2105
2162
326
149
4100
394
1274
4089
1331
4880
2818
415
1480
4716
4142
5295
6161
5901
1416
4557
952
1256
2498
1115
5381
5447
5533
2429
253
4427
3482
3135
6101
1025
898
2846
3508
4821
2726
3400
2338
2821
3111
544
5441
189
2056
5350
5669
1978
1624
6319
2310
6138
5853
2296
4476
3650
3879
2013
3600
2077
3734
425
2058
884
1690
2486
4021
615
3097
3581
3068
4761
4787
206
1943
1622
1621
1356
4304
5822
2642
5023
61
3310
84
4402
2131
317
4198
3073
4165
1566
2940
879
5171
3451
4146
583
3123
5212
395
2168
4582
4481
1351
5015
4235
2728
2054
6197
6038
3032
4068
5979
1160
3812
5552
6
6128
1248
1047
1956
2484
3567
2723
1920
671
5130
1442
2142
1147
2281
2707
5647
4621
1389
3269
2001
536
73
104
943
1730
1684
3476
2144
2349
4397
4966
115
2335
5482
6209
832
2810
4870
2107
2656
4294
1067
817
2850
4512
3338
6287
1706
5705
2823
2315
6019
2681
2301
210
5010
2183
2961
2212
2851
426
526
3129
4288
3645
4853
1461
3300
4735
4385
3644
6293
1090
370
679
4196
851
5527
600
5585
6189
3142
2373
1569
2293
6264
3290
2317
1253
4759
5214
2814
4830
5079
4804
5316
2480
4586
2215
3632
3910
3656
5658
409
4347
4352
4727
2402
2517
1114
356
2306
2573
5097
3429
4611
3762
4684
1992
2435
4163
6192
5479
5921
4113
6311
1970
4052
4317
4663
651
4843
497
1481
809
3610
696
2676
3886
4225
6055
4025
2666
1413
5140
170
4918
4686
5440
4330
2925
6097
4972
2853
5501
5711
2219
3033
2924
25
1717
4651
5136
677
5884
6004
3056
3722
5925
2262
3420
3875
5566
2378
