2992
6171
1128
5369
667
5434
3476
726
72
2715
1992
2710
3931
852
3647
4779
3665
849
5665
3793
486
1433
5142
2838
2267
2157
3568
872
36
449
4262
1764
3063
5327
4668
2714
5022
2981
790
3269
5585
2733
728
4746
2242
3949
243
2626
489
4280
500
2786
4636
3600
5286
4377
110
191
3557
4964
3992
4537
972
927
1907
3419
633
3570
5355
4201
3592
3729
6131
2931
600
6219
6151
5672
2558
2213
5799
4751
4380
3694
4675
5260
6138
4328
3198
4013
2840
3817
428
2924
335
1849
220
4859
2237
5153
4394
165
1000
3162
777
3399
5751
6186
635
2873
3364
2125
5271
117
5915
5664
5225
3522
5932
1938
2329
5349
3372
1817
3846
2369
3271
3674
1645
1795
6225
2964
4101
4038
5392
5747
4246
2061
5770
4337
1451
678
2528
1256
940
5060
3111
5407
6227
686
6103
277
6195
616
4649
5550
1333
522
6269
5996
6315
5685
5763
5724
6161
2236
6268
1968
2831
5299
4273
860
663
909
5644
2534
3484
4771
960
2695
3537
1249
1218
3851
867
659
4219
3412
2084
5655
2195
3913
5773
1470
949
3256
2901
1423
1030
5453
23
4270
289
1791
1041
3066
4644
119
1816
1774
4294
55
830
4212
3077
3089
4955
434
453
2425
6016
3903
603
2591
936
4512
3193
3772
2490
2758
2095
1237
5138
4959
4824
2334
3118
4448
1937
5497
768
4896
2035
3867
1336
5698
3151
1172
5939
5847
3514
185
5218
4298
4575
2512
3396
4677
4361
4501
5930
4702
622
1412
1225
3971
5512
5381
3999
103
3973
4689
2927
3300
4823
765
3449
197
3362
5449
802
3417
1163
1594
1190
501
170
5790
3486
88
3048
318
908
2785
5628
337
1830
3641
2621
3983
2253
4480
2211
1732
2547
4944
4961
5580
4694
1227
1126
5732
6205
1228
5036
4130
754
3021
2703
3185
1592
3000
5443
388
3248
377
5322
1244
3178
1311
562
577
3056
5870
649
184
2652
3069
4181
4126
373
2659
5300
838
5223
5321
5041
5712
2078
4310
2602
5463
5373
3265
1213
6061
3878
5127
6082
958
6223
5342
3430
284
2459
5074
1665
4115
181
2920
2372
450
2269
470
266
2665
4605
3951
4970
5351
3968
5104
3707
4927
2888
3804
2205
3129
4932
6007
5261
588
4513
139
5332
3573
3669
4503
875
1329
1610
6248
5627
1314
5203
1694
3393
5511
853
238
1317
4258
429
2382
1048
2953
4451
3517
6210
2281
4233
1626
951
3974
5871
1750
350
5132
2318
3224
868
1642
2186
1051
729
3334
606
5528
2089
4369
1945
4744
5136
6114
2302
3414
6055
2338
2956
3270
2058
1289
56
5648
2040
3354
5325
844
959
3545
3232
2091
4307
6087
4471
4299
2429
883
2678
5358
4364
4725
1031
1060
396
3188
3623
5066
4992
813
3788
2810
4098
1597
6178
2448
3624
2894
4688
5354
262
248
1205
45
3659
3914
4754
4621
3752
5121
6267
5599
4814
5886
41
5621
3840
2483
5285
416
4541
22
366
2392
1806
5098
2187
2604
2310
5152
1886
3209
1319
1181
2193
2721
5253
1430
2589
417
2101
4474
1523
2619
2848
5431
6299
2980
2783
2606
1609
1497
3628
4874
812
3786
3028
3052
178
2791
3023
4049
5186
504
4963
540
3135
2268
669
3661
2660
1680
3574
2940
2902
1269
1476
4287
3163
1633
4025
4522
6008
4539
4460
3905
6255
5606
2090
6259
5340
3726
5425
2201
4263
2225
4455
952
983
4309
2951
2274
4407
5962
5519
155
4145
5572
3599
2675
4375
38
5488
4657
392
6176
1316
182
448
939
3728
0
2671
5921
5535
521
1419
1547
902
5408
4345
3714
3507
3124
2460
3841
3638
3709
4921
5995
6264
3210
2034
1678
1808
3371
4699
3467
3910
5817
2844
4727
3837
576
4984
2432
5522
5791
2014
2684
2633
5056
4987
1467
1486
4203
1066
3587
925
5727
4169
1082
2065
1222
3602
6167
4255
4778
5210
5080
1068
2197
1836
3386
5072
4071
5237
2759
3102
3875
5924
2957
1029
758
5091
1903
4023
5212
2341
5345
6166
6156
1468
5801
3870
101
4857
4556
5487
922
2445
6032
376
2546
4737
3900
5552
1354
757
6297
5353
2776
2128
3814
1487
1153
287
2933
1953
5188
1277
3302
3286
5855
4072
5476
783
608
2352
2553
3337
5555
5518
4673
3096
150
4456
5674
5695
2402
3937
5793
235
534
5006
845
1100
854
5078
1894
2909
1495
3348
2973
5940
3165
5143
2420
141
125
1368
4189
3
5841
5931
4837
4099
52
837
85
1179
2209
3216
40
719
4097
4774
5838
3820
2394
74
964
1544
938
5062
183
3747
703
5236
3909
4108
68
5017
2285
2348
406
4317
4321
6106
2802
2412
998
5872
1270
3698
2694
469
2590
3205
3743
1482
4913
5705
1494
5471
2520
5092
3344
5251
3528
4421
4646
3578
1713
3534
2857
3835
835
5909
2579
1004
4710
4131
6308
821
4624
1445
880
2494
1600
6190
770
2867
3494
751
773
4475
1852
4595
1527
2139
973
4033
905
70
3262
3880
2820
6056
3921
513
397
682
2711
5116
385
2406
2286
4631
176
5050
5864
2493
1197
6152
3795
4093
3041
3730
62
5544
358
3966
1526
5611
5548
3716
4237
4706
1603
2768
5451
5396
5867
3789
3955
4608
993
5347
1720
1349
1241
2578
3416
4240
1870
4819
4478
1281
2202
4142
4453
831
4347
6097
401
2942
804
2062
5950
3375
4132
4088
2006
4831
2948
2987
1908
2552
217
276
2722
3888
3964
6115
304
216
4137
3152
2796
5055
5244
4611
720
4967
2136
3834
2766
5155
5721
5460
86
3141
6292
2574
5450
198
2701
1971
3933
552
2632
2327
4749
2071
6083
2930
5808
3941
948
4117
1331
2012
1976
2351
1675
1819
5226
3373
1979
861
5111
4609
265
3479
201
1679
24
4283
1956
5479
2418
3760
321
3108
3211
2524
1264
1901
1220
5772
5810
107
2565
549
3488
6322
6053
1612
4678
145
2664
3561
1940
5205
1688
4767
4568
3643
1196
2798
5442
6006
4354
17
731
15
6317
5957
6050
5181
1397
4990
2190
1340
172
2805
2192
5182
5529
954
5700
786
4446
4458
2514
2053
1456
3275
2279
2097
4588
2544
944
4731
100
2067
5654
1464
2878
2138
5259
4742
2575
525
2
1479
4026
3272
2667
2794
5948
4206
5746
977
2811
779
494
1262
5865
6291
1183
3898
1022
5780
4564
4175
4920
558
879
4217
4946
582
4656
4889
2907
2627
47
4560
1794
4648
1079
717
5164
1434
5158
1330
4834
2936
1762
5276
5750
2818
3538
2022
6065
3031
5803
4928
4659
681
2536
5171
4693
871
1585
5569
2943
5875
6202
226
2480
2375
2849
3541
2789
965
2702
1580
5346
1001
6019
6288
4878
1320
1258
3732
4601
6011
124
2502
4215
3212
1215
3241
4940
1804
847
4784
4596
4979
3115
4997
378
1815
5766
2291
1569
2525
1182
1590
6282
4982
3035
5779
6220
2016
990
4935
2496
6172
1322
5853
567
3987
2653
2153
882
6218
2809
152
413
6132
5556
6266
5435
3572
1763
5372
2826
44
1928
5293
4082
2359
2518
467
5905
3501
4858
6193
2651
1996
1374
2800
4372
3160
3605
6074
692
1490
3391
2298
2998
2410
4758
1821
4253
1102
5911
1574
1287
1825
159
1867
1162
748
1049
1796
1803
5224
2739
1485
3038
3016
787
2160
2884
4164
2070
2161
1036
272
4602
4724
772
3281
1783
1313
4211
4697
826
5561
4989
1948
5267
4188
1151
443
1398
2612
4527
3075
5894
4882
842
3687
4138
5254
5605
324
2939
1332
2054
1905
4486
5382
5623
2134
518
5551
2988
5411
5481
4535
3055
5166
4580
6154
132
5542
2540
6125
4877
4163
1923
3601
1635
4816
2004
4020
5245
2452
4670
628
4401
5994
1994
5168
258
6324
1752
14
1904
4420
3511
4839
5985
3288
3869
5691
3702
6273
6142
1691
2404
1478
5318
3197
3157
2672
3831
1829
1112
3666
6030
4487
4683
6168
4432
6096
2154
6014
2487
2207
6099
1480
1915
4488
352
4461
1659
2244
4645
2952
4332
2403
1200
1773
4895
1415
2164
5109
1426
778
1510
4218
3104
5010
1637
4389
2411
1224
1844
4769
2039
6246
4566
3013
1341
1484
6198
6287
4468
5936
1420
3062
6312
1421
51
4891
10
5474
676
3695
5643
21
2925
5500
5313
4902
3203
1863
825
5441
4085
2491
2434
1367
660
5258
6037
3509
3168
2680
3978
4884
5958
6112
4972
5861
1125
4161
3159
2108
1738
1722
4903
966
4406
4986
2030
5112
1452
3932
5309
375
3548
1058
3564
2114
3250
2560
6211
399
708
1947
2795
4482
1300
531
5890
477
3136
5422
6051
4593
2670
803
2853
2293
3993
4542
6311
5609
3228
5667
361
481
3636
1039
3744
297
2538
1298
6109
5009
4525
2741
2431
3508
368
4978
6303
3922
6121
3024
2033
6290
227
6320
4614
2414
2354
3866
223
5869
3496
2162
3351
6243
3415
4620
5743
5819
5997
364
5983
4897
4565
1824
4397
2687
609
4170
329
5018
1914
3030
5714
5526
1518
419
2718
781
3345
6130
1337
3349
2734
5738
2246
5394
5543
19
4213
5059
1275
174
4861
817
4393
4851
6296
3918
4410
121
3608
2481
2077
1935
6294
512
1833
5215
1712
308
5878
5486
3849
433
3682
928
1053
5938
2937
1088
3242
4514
92
1838
2946
2501
2322
979
645
5057
5207
3815
2932
1703
563
1784
1682
1883
25
1475
5193
1897
3938
2299
2064
6160
3912
679
4888
3613
2043
4034
2335
5998
4516
2582
1271
5466
2834
963
5240
1531
5646
1984
2018
5879
5530
1919
5456
2289
4545
4867
3976
136
6098
5306
6080
2620
2353
4092
687
42
3009
1516
4225
4630
1588
1632
4250
6230
3065
5897
4236
5922
2588
2344
2614
6136
6182
3208
4466
6319
5089
5149
348
1930
4112
5972
3676
930
3278
510
945
4640
1963
2031
5726
714
502
741
5800
619
2024
5638
2639
592
5423
3503
4597
2017
3103
2297
579
5521
1931
5927
1636
177
1114
1159
4352
2457
3660
4194
57
4762
2309
5826
5874
4467
5095
5365
6122
263
1584
5693
794
3405
5805
1144
5085
2542
2892
2595
4323
4783
6144
3183
1094
5992
65
2247
5339
2908
4245
2326
2847
4493
5835
3754
5590
4655
1037
5715
4079
3935
5786
326
4228
4483
2116
1385
3907
2955
6042
5975
3607
3253
1390
4519
1785
1936
4546
4400
4241
4734
5154
1424
5846
2007
2541
2021
1533
3954
4187
3252
5929
5896
1188
459
4796
2516
5491
4024
2277
627
4129
1135
1425
4046
5568
6201
2419
5833
3892
1075
5837
3153
379
5000
6092
4818
992
5918
3696
5034
499
2713
647
2815
556
1136
947
4524
5222
4220
4876
5840
2256
447
3071
4763
5976
6286
2478
4586
3222
2730
2343
4030
3988
4965
1563
169
3792
2258
1437
441
4183
3934
2385
5399
5710
516
3225
2113
123
76
2011
3847
4061
1991
2661
1042
5320
1884
5303
4316
75
4147
523
3146
1687
4198
3218
921
1656
2251
3457
5458
334
2132
2122
4998
206
1463
5650
632
230
5536
95
1339
785
2234
6073
3757
3803
4039
2300
3392
1786
4585
5248
816
1346
776
1050
6302
1023
3478
3007
4133
1362
599
4110
1195
2442
331
3266
2866
3177
118
5739
3844
2238
89
5101
315
3308
4829
1702
1746
3120
4521
4415
5761
4813
313
2555
4374
2749
3268
2691
3453
2109
1399
5981
1690
4193
1508
5675
2107
5105
5963
2303
1653
3005
3622
604
5380
2405
6100
274
2447
3621
841
6146
3059
5159
4579
1685
2819
3083
5404
2435
5368
2470
5804
1324
5304
1293
2827
4701
4404
5828
4759
1799
3848
5229
6309
5652
5379
2893
5125
3329
66
1889
4278
2339
3139
2203
105
175
5189
164
3003
439
4014
3590
2311
2165
637
1599
351
735
2409
1742
572
2647
5811
6208
1841
3919
1083
3167
3389
6047
3149
2581
766
1348
2989
2175
2566
1013
4012
400
1684
3723
4463
3423
3181
204
2146
5827
1657
4908
2168
1202
149
2959
3997
1739
1577
5419
3965
2249
32
4418
507
1792
2450
696
6174
2742
3563
6089
3800
3428
3223
5745
4440
1591
4625
5570
5617
869
568
2801
1576
5444
158
4260
5603
2643
2846
5231
1404
2456
1505
472
3106
2985
1893
2537
4576
5031
1351
3015
380
4722
2092
4494
1272
1613
2994
5007
4021
1772
6183
1615
4871
584
6091
806
4584
2610
4713
3761
1834
4257
4603
1297
3770
5262
4207
5600
3201
3725
5593
2567
3473
475
2149
3634
3521
6247
4144
4934
5405
483
3247
3189
818
3406
6217
3125
554
3585
5134
3774
5424
4178
2130
5754
2421
764
249
753
3708
982
6059
2127
2049
4752
4382
3380
2784
2790
2199
1380
775
5546
4409
5498
1810
4653
1402
1462
1169
6169
6229
3842
6145
2126
6104
2854
5083
5335
2316
3148
4037
436
3084
961
4551
1831
5336
6140
2865
2792
2648
3994
6118
1358
3808
4872
1465
4356
3426
168
454
997
526
2046
1538
2073
6000
1707
3307
3131
120
2977
2625
5953
3491
1002
4991
2545
5160
1983
3658
5387
2229
229
5607
2895
1282
4329
2381
5371
323
591
1127
2099
5180
4357
4981
3079
3859
5925
3620
3873
6209
6040
83
3801
4711
840
1982
3138
3402
1217
3958
3960
5974
1845
2023
1733
3839
5016
2239
4204
2897
311
4190
620
3549
3060
2904
2885
1701
271
405
2756
5019
4431
3413
2461
3642
4045
418
478
4999
885
4057
3787
675
82
3995
4148
5295
4924
3791
2373
5478
878
4613
2182
1019
493
4028
1683
2585
1896
4363
4349
862
3045
664
5014
1101
3886
4125
3037
5899
1598
3737
1891
4578
5687
5025
1157
3444
3251
2233
1522
3301
4292
465
147
260
369
5595
4102
917
2676
5359
3972
987
1939
2668
571
5282
3581
2513
2740
898
1972
4730
1460
2623
6284
3350
2223
2921
2584
2240
1116
1723
3779
4064
3745
3956
4945
143
1209
6013
4506
2444
4268
3560
4435
2753
771
2967
2507
5263
5863
1076
6187
4860
5400
808
4452
3298
4426
797
1185
3280
5297
5783
4674
236
5126
874
5030
3758
4226
2345
2214
410
3187
4712
5873
1535
237
3321
4230
6321
580
6177
3826
1920
5075
636
5287
4056
2782
154
3505
3328
4200
3699
4681
1525
956
5391
4615
5696
5537
1208
5679
1757
1771
305
1760
407
259
5049
4128
5832
5860
2765
2002
1517
6279
3095
2781
3315
5692
4865
6206
1900
6241
2874
1555
4805
5012
1453
5991
4911
4153
4106
2003
2995
3527
6015
541
4302
2611
4936
3963
3461
6157
6133
3466
3341
6213
3857
109
4113
2264
1055
5312
4472
4311
1236
3823
6081
5067
6307
4269
5197
1605
1912
4087
1921
210
3243
3740
116
3827
2841
5417
2008
1828
2390
5485
1232
5917
1745
1692
267
1975
2997
594
3445
6234
283
3363
2295
4396
140
919
1951
3169
1242
199
887
3119
4904
4027
5165
3656
451
1240
3343
3771
2436
3588
3053
2144
6239
3736
5462
2613
344
1726
4457
3493
2464
2051
3215
5329
3234
5204
1775
1361
4052
6086
1026
5185
1296
5662
6072
2401
5764
3722
624
1016
1902
5470
5141
188
390
5913
640
1134
650
2508
4590
3881
6063
4743
404
1776
1865
6020
2868
968
2864
1677
1410
5051
1327
2881
5082
2646
3440
5195
2929
4562
6105
924
3500
328
822
5683
2433
4511
3906
4802
1035
2094
1699
4300
440
468
1851
2770
58
1601
2079
3463
3829
430
2075
2360
1006
1759
2485
5120
1284
5658
532
5637
3877
5216
2890
4682
4166
6237
5771
2370
4988
666
638
3975
1043
3593
2430
4143
3058
5315
4515
2972
2723
4076
4430
3175
5274
658
2686
820
3249
3143
5003
2284
3579
1747
985
3387
5880
2362
5814
4942
811
756
371
4929
445
1422
4416
4912
2965
3577
33
3190
5653
6010
5857
3735
192
2636
1892
5183
3072
1524
5334
5454
5885
4841
1782
702
1147
923
3057
698
1717
685
3920
4917
4918
3928
3025
2771
4000
721
4552
6180
2745
225
1744
496
4017
1965
4849
6158
4622
3356
4680
1303
1780
2863
3925
333
5663
6043
1860
4042
5538
2235
4798
3285
1080
2315
1274
1571
1033
3777
2949
4633
2767
6117
1731
3654
1623
4909
1245
2845
6135
3442
2903
1120
5042
5038
409
1595
228
1155
3082
2837
4864
3531
724
2960
1477
6295
4022
1248
815
1875
160
2523
1137
707
5708
4629
1008
1639
3989
1558
3629
3471
3550
551
4952
4632
6163
4438
1756
4540
3346
1846
1411
2654
1353
2477
4445
3191
133
4495
3296
3436
4852
5087
2698
2443
4915
1519
1842
3310
3916
4548
2616
319
2971
2198
3691
5716
239
6034
836
2517
5363
3524
3381
3388
5337
4977
1664
6028
1596
4330
6262
3706
395
1250
2102
5539
151
320
3067
254
5070
795
5492
5839
5412
3303
5496
3721
5620
1310
495
5830
2148
5308
3468
3226
4707
12
3969
3155
5172
37
2842
5273
1265
4065
1198
2215
2850
2027
674
4652
5807
5395
4862
2163
5928
153
1640
6310
4223
5625
5914
3864
1149
1716
914
347
1672
6101
5163
587
6149
1154
4866
3662
2832
904
788
725
3929
1234
4340
1857
734
891
126
310
2763
2206
1457
4531
5484
5220
4667
1925
4171
3615
4243
3571
2204
2533
2935
5131
1553
6252
2562
4379
2720
6031
3526
1876
4690
4279
3926
689
3010
3320
3121
5634
3254
742
2228
5987
2495
4764
3595
850
1201
5615
5706
3645
2196
4954
2696
4041
1755
2807
1736
5964
2882
4315
4135
4238
5310
363
4821
4572
3639
4735
2417
5933
1557
1974
1173
598
5704
218
1604
3133
5302
2914
3357
4289
4507
338
2275
4195
3294
1630
3950
3884
5720
906
3686
4395
4199
4661
994
3763
6207
5574
1292
5004
3116
4804
3796
5877
3365
3710
5088
4642
3830
491
4663
2129
497
2086
2608
455
4274
215
2708
6126
2738
5178
4080
4569
214
3603
4570
4555
3543
2607
4793
1113
2731
5061
464
5375
5047
892
5989
2896
621
4881
2060
6088
2147
3586
4933
1955
106
1413
2787
694
1009
626
3002
113
3936
5851
1835
3073
3513
5477
5740
1662
5316
4336
2068
4172
224
5776
4549
4067
80
3433
511
2314
111
5281
4643
1674
2699
498
5891
988
931
1099
4907
30
3238
5576
221
3828
492
2437
6021
5294
484
581
4500
5341
2919
1382
5584
6077
5457
3092
5390
3137
4015
5730
3768
4931
5966
2045
5249
807
4196
2821
5128
5598
4413
4242
4838
3098
3094
1721
387
2020
6048
3358
4508
3957
426
4854
2760
4491
4319
6139
4733
6181
5250
4976
4853
3086
1491
6038
5137
2690
5558
5073
1986
3567
1552
4062
2662
4922
1350
6265
1779
5343
611
701
2978
4700
4059
1954
3008
545
3214
755
4510
2397
848
5213
652
2124
5162
356
4492
4214
863
294
2875
3924
3690
3809
2833
4267
901
3422
1890
4717
1882
4842
3142
4367
5129
5489
1299
3556
4083
5597
4428
2979
5015
1602
6069
3902
2389
2026
408
4993
4969
4362
1793
870
4627
4301
3233
5113
3980
5507
5945
5778
3019
2342
4479
4249
4165
3865
1441
3195
4868
3144
1304
2941
5459
2521
4484
5563
4305
705
2918
4822
2222
697
180
1506
506
4423
4285
4342
1758
1110
3591
5645
1139
2349
1832
3378
4975
2482
1647
1946
5941
2813
2679
2603
1734
941
403
5493
2950
1583
4485
5624
4906
3403
1888
4665
3947
5464
3967
3657
5525
3239
5960
5167
4941
1334
3299
299
2917
288
1973
2689
1805
257
5813
1214
4574
3852
2263
202
2135
539
5907
4550
1917
3093
5243
509
3717
6119
1837
2188
538
560
5280
3782
3237
2393
398
1858
2346
3174
2945
5670
4381
4994
3432
5602
4883
1417
3688
1396
4276
2371
5723
5844
6128
6251
4312
4320
241
2486
130
3150
760
4741
2301
6084
833
1288
4583
5612
1661
251
3240
4123
411
11
657
4449
6304
4760
2877
264
4687
1989
3664
4284
5401
2331
4232
3446
3277
2287
4738
3244
5156
3551
1471
137
209
1103
1509
444
5514
900
6250
1768
6226
3604
4755
4517
544
5377
3246
3374
3101
733
6148
3597
6046
3540
114
6036
4066
1338
5490
1663
3872
3899
5385
54
4417
4797
3990
1611
1393
2707
6191
5114
1749
2252
4090
602
910
1932
3485
6137
6232
889
2649
4376
5806
2983
4091
3811
5257
5892
4855
98
3407
823
1916
1730
4623
1328
1548
2220
3677
546
1056
2181
2306
1511
4006
1529
3651
2526
1714
5575
5044
530
590
5523
4209
5982
4775
2176
5170
2276
4120
253
4651
5753
2048
894
1651
5564
5541
6323
3635
1130
6095
876
2757
1649
5694
6155
4559
6277
2876
1498
3261
1450
4069
4290
1906
282
31
5734
2825
5328
4960
4368
5524
1622
1011
46
6134
6300
2142
4890
312
3166
2527
5684
6150
167
2683
3325
2377
4801
1370
5980
3255
5099
3379
933
5508
1556
5788
1253
1359
2227
864
4005
1655
6306
4786
93
2655
4832
43
1047
3519
2265
2592
5046
2963
1549
6108
1949
1546
2451
1715
4748
618
482
5386
1582
383
5191
1121
3984
1364
4826
575
1670
2467
1966
4050
1318
3437
1856
5836
1343
5275
1255
1192
5971
2862
5968
6240
1326
6090
3610
6075
1735
222
4051
2036
3192
2010
4388
5993
1797
2472
4949
4812
6224
173
3946
59
3312
1887
4197
5775
1132
3164
1573
2292
5026
2556
710
2642
2364
2729
13
4191
5483
1481
4847
1025
6111
1532
3267
2110
3673
5169
1627
4558
77
596
2966
5902
2106
2860
4708
1071
3039
4666
4563
3618
653
3742
4561
4068
1193
3617
5469
2769
4176
5815
4799
4167
2506
1107
739
5671
5862
1090
3523
5013
2993
6271
5822
5719
2999
3498
4391
4159
3680
359
3863
1064
4048
1980
1111
142
3565
3309
362
4873
4654
4136
69
3158
1705
4957
642
2938
5690
2133
1567
2308
4898
5782
245
727
1958
3342
5829
641
1449
5482
190
780
3355
3074
4271
5731
3236
2019
4378
6116
3258
189
3518
1168
2761
2468
5398
6078
655
1428
4402
3424
3589
1899
1
3400
886
2559
1676
1614
4953
5657
1247
4035
3313
4322
5147
5666
4497
3046
5513
3200
4235
5502
4007
3785
3843
4968
3105
5562
5448
5831
4229
1872
4174
2635
5895
5618
1801
4437
6044
5494
1084
431
4224
3794
4373
2913
200
5480
3474
5942
4154
53
195
2835
4127
5455
2131
4016
415
5135
2905
1283
293
474
1536
6272
270
5842
5324
5175
2743
5093
6263
3455
5413
3692
1513
2174
6293
1435
1436
5758
5118
4943
3845
5545
553
1086
3536
1138
420
5366
1394
261
517
1165
5192
1695
5256
5509
5445
3487
1145
6305
81
3418
84
2383
3749
2357
5255
3273
5421
2426
2056
2288
4938
1160
4761
6254
5115
5703
617
1180
5079
2906
4726
2465
3199
1789
4124
2615
668
2272
3311
2224
4995
3049
3767
4173
2958
3533
5393
5102
662
4718
6058
39
4004
989
3530
5785
995
4251
1864
2889
2674
3450
5547
5289
1847
4709
4384
4293
1871
2855
2028
2817
336
5919
5977
3377
6197
5737
2041
4781
651
1046
3172
1507
5406
2319
3078
2830
4450
4983
1962
2143
799
3221
991
4058
1681
693
5161
2424
3520
3611
1572
5202
3076
1862
3040
3765
3908
5614
3685
4089
1109
3879
5428
1660
3755
1252
4628
5473
5901
286
3672
953
1643
1545
4441
6123
2504
4371
4720
2628
2804
3326
4756
644
4600
1024
4111
3637
4776
1697
846
967
2216
3184
1067
2944
6085
4081
542
4538
2600
2469
102
1542
3959
1993
3370
2746
1254
6244
3480
134
1820
962
5934
3448
1868
2970
2797
5573
851
749
1880
5517
750
4573
242
2323
586
5097
460
5596
3810
5741
2074
6242
2047
6094
4901
5647
6129
423
1564
5947
3291
6068
1818
4523
3353
2539
4019
2754
6260
5461
4728
5217
6113
1352
5063
1096
4118
3625
179
5314
639
4947
1409
3701
583
219
1781
2355
1243
163
5718
4846
2915
3061
2271
4078
3434
157
4739
4893
2476
4313
2709
6298
4470
2072
3901
881
4155
5560
1321
2681
5415
2583
1500
2378
1405
2230
2637
5748
5956
3026
1987
3981
3890
473
4326
4434
2887
684
1239
4618
5084
920
4344
2975
4
2923
1512
5076
4275
212
5475
2752
5884
5432
6200
5184
5859
2751
4339
4327
672
1122
4063
5270
3663
292
2861
5001
3719
5858
3805
5900
4704
99
2563
2117
5749
1369
3110
1964
5446
2260
1566
2500
4502
3553
2530
1969
832
2706
4265
1568
643
4084
629
1942
4691
4985
3904
1375
3194
2777
3229
877
5265
2764
382
1219
3784
2954
5290
4499
5219
515
211
2926
3173
4094
4939
857
946
1898
3718
3090
5893
5633
5866
3525
2705
1686
5357
3858
2231
5232
2557
2869
4554
5409
3395
3482
3081
2928
3180
2910
5268
4544
3042
3306
2531
1431
5429
1377
1693
4810
2115
1840
5567
3231
3305
5949
2439
2697
1540
5713
4794
4777
5122
1551
508
3454
1085
3207
3114
4459
3724
2561
466
5323
5961
1105
1263
3170
1520
5065
4351
438
2851
3420
1689
4304
4009
5005
4919
4266
5064
3775
1074
893
1040
6107
5792
2779
6256
1395
374
630
5686
5626
1981
4490
1294
3683
1638
1922
3619
3196
4297
2780
5221
4419
796
5680
912
4331
2330
5376
3156
1813
5348
937
3109
4795
3323
5520
1171
1087
437
5688
5241
793
3441
5818
559
3970
6192
4053
250
1924
5816
2858
3667
4248
4185
3068
1204
4443
3640
5881
3338
4716
3122
5765
1861
1911
5673
5578
5333
302
5234
2219
3703
6258
1521
5951
4827
1878
690
2347
2438
1095
6003
4785
122
2572
1787
2368
3655
1216
3700
1952
5023
4429
2586
4346
1186
3282
3942
3017
4436
5935
6127
814
2564
800
873
3384
6004
3465
2803
2859
5008
4835
4973
3883
4671
1985
3854
1658
3626
615
414
2685
1189
3459
3085
5437
1259
6215
5296
3064
5515
5020
386
5616
1072
6283
1357
2321
1767
5201
5622
4054
4281
1372
2191
2969
5277
4476
3297
1407
3330
5208
5777
4856
1142
6093
4925
1628
695
2050
5
3369
1038
6318
3293
5378
6173
612
557
3327
2005
4360
4662
5043
1618
1827
3134
2001
4040
5190
3944
28
3769
2453
1387
4399
2141
5194
4489
3681
5812
4134
300
2042
4617
6270
3896
3390
2748
146
1158
5954
4157
6001
5888
6110
317
4772
205
1455
5292
2947
5944
5824
2737
3398
903
1400
1943
1850
6141
2290
1015
1812
2772
6233
4780
6236
5465
5970
4948
4427
1807
144
3018
769
5096
2462
634
1207
859
2169
4055
3044
203
1869
5410
4703
4043
2217
2183
3464
2473
3206
791
2911
3147
61
1666
2096
6179
490
2693
3649
4684
1629
2899
2255
247
5106
1581
5978
762
2083
3263
5029
4808
5360
5440
1814
899
2391
1587
2726
2185
2159
2037
3799
4335
1704
763
5959
5990
1885
1648
3506
2900
5736
1459
3260
1129
4736
5002
402
2087
4496
2775
1191
5284
4383
1620
2644
2273
3510
2365
5845
2177
1383
3458
2218
2172
5883
4672
2140
6301
819
680
4974
1740
252
3953
614
3832
520
810
6274
4715
2750
5856
5920
2503
6276
4216
6124
6062
196
2489
6214
112
4334
2000
1990
4259
4923
716
234
3594
1927
2029
3797
471
1483
5582
5973
3915
519
6316
2350
1472
5729
1027
4156
4592
4355
2458
6275
4282
2519
1401
1194
1641
4044
1562
7
2025
3515
5540
162
3861
1003
3939
2200
4184
1446
87
5430
3033
296
3029
1751
4530
339
2822
4303
4619
488
5140
5467
5854
1621
2081
4894
2270
4520
6153
3917
1345
2044
2510
4647
4386
4244
3360
4916
4534
5534
2828
1554
3733
3088
5742
3943
5319
5145
2398
607
1044
1977
3117
1624
5090
427
4348
2551
5660
895
1032
4604
1211
654
2961
213
2823
4498
5418
1800
5656
1822
1295
2839
115
1743
6175
5246
1879
3054
3807
2423
3833
2471
1673
2762
1302
3123
573
943
1539
5278
1788
4843
6079
5039
2367
1178
5709
1515
370
2598
353
4462
432
2336
4464
1152
1443
5108
5052
5238
2548
2280
3853
193
4392
2744
3715
4698
5868
1005
3778
2719
171
1668
5414
1061
709
4885
888
1998
566
285
1606
3891
5151
1910
4863
4295
1089
4870
1853
5702
3648
3952
969
3462
1115
391
2455
4182
2618
2356
2363
1711
1473
4577
5757
2991
6027
3220
5649
5759
476
1052
2976
5227
932
8
4387
4768
1260
744
2466
2883
3483
913
5510
1748
3411
711
661
2340
824
4637
4571
73
3335
5798
4828
3693
3314
3705
957
1070
1654
372
1210
4358
6231
5150
4899
5301
4840
5532
1895
3145
3452
4350
2408
865
4192
457
4385
4252
1164
574
3099
187
2629
4528
5266
6045
6235
4032
2105
5370
4900
104
5910
4745
5148
5028
5774
1967
4598
970
4658
5629
3477
2380
1306
4836
3824
5797
1392
194
2580
1826
2571
2522
4589
828
5707
5516
5843
1586
2990
5852
307
3612
5586
1729
5755
3012
4444
485
4905
1438
5228
6164
2982
3324
298
2085
5499
3004
1017
856
4439
6203
2111
4408
5350
1458
2724
3652
6064
3401
5728
536
2986
3292
5388
4582
1301
5610
3812
6314
3552
3631
2912
6313
4723
1091
1447
2922
514
3154
613
1170
907
1959
2474
5344
346
1970
5103
3097
5452
4095
2688
5367
767
5744
3862
1007
309
3750
4789
2171
4850
2076
5504
2529
4481
4254
1226
3447
207
3171
2013
3316
5272
5591
2446
2747
5230
5926
3940
3352
2829
550
3470
365
1514
5058
4581
665
5781
2120
4031
4308
3734
4424
4557
4587
1278
1174
5252
5214
1802
2254
1854
5531
1440
2677
3421
4887
4787
1028
4465
2428
278
5352
2624
1342
3359
280
3985
3367
2080
2728
1418
1790
3546
4412
1104
