670
1284
3876
3700
4965
3344
3722
1660
2828
4976
737
1163
1611
2441
3828
1149
2854
3367
5685
3215
5126
3351
3112
4407
2167
3925
589
1635
4744
1837
625
4432
636
5992
3480
1041
3789
1033
2925
83
473
5672
324
4071
938
2851
3892
5334
4595
1679
1219
3006
3551
2584
2752
5716
2623
214
3647
501
5006
5707
4940
1274
750
5956
4980
4222
1418
5294
4247
2319
1844
5655
5589
1460
5838
6282
4417
1447
1309
2329
3776
3241
4460
325
6055
5408
2004
277
179
5005
449
5268
4766
1071
5967
402
1968
4353
3047
4941
4457
3681
1541
176
2669
3703
51
523
5976
2381
5732
1692
3067
2546
717
5345
4653
851
1937
5857
887
3588
5053
4890
2795
5813
2427
4535
4721
2576
3708
536
1326
1034
2666
1074
4514
4597
3984
301
2226
2358
101
1329
3021
977
2273
2287
617
3454
2360
5870
940
3358
1070
770
4513
263
385
3310
581
2577
3175
5131
883
607
5754
829
5834
264
4632
2605
2332
3948
5787
4329
6292
6123
4126
2860
89
5509
4011
445
2142
3839
3056
2478
1127
1357
444
231
5327
2845
1821
6205
4095
3974
614
5280
4793
5261
4402
782
1301
218
6059
4204
1580
6103
5042
1224
5937
5120
4263
4857
4336
1234
3114
5358
5200
2179
692
167
1919
3683
5621
434
1420
1752
1558
4241
153
5455
1205
1814
5082
2136
2602
3515
3614
6069
934
5631
3989
2158
3117
1979
5395
4544
6323
6073
5083
5519
3070
4592
4508
1229
5352
1709
4602
5002
3296
954
5276
505
202
2394
3526
72
1663
907
4115
5516
2322
4465
769
4786
1609
627
5736
2215
3177
2690
4933
948
3033
932
1136
3732
773
3957
6313
2430
4242
5403
2832
4415
181
3813
3851
3767
3005
3572
1740
1044
1479
5413
3626
4150
3283
5380
5331
6172
1335
4937
4169
288
4682
5979
4098
3827
5666
6002
3136
662
2008
516
4144
1606
2823
5713
2533
900
1630
5640
1337
886
1867
6166
5407
3554
3574
2715
3110
2628
346
3446
4069
392
5875
5037
3455
1794
5962
2506
759
1690
43
1014
4926
5133
5085
592
4089
1562
4966
5297
3568
6157
5620
6324
3910
1610
4993
5759
1757
2840
4393
4271
3981
122
1343
4318
6021
997
3381
2564
2503
5560
5860
287
3556
191
4554
5819
5837
564
3521
5597
4747
3288
1141
4461
3872
4894
2691
3152
5821
278
2093
6254
6302
1828
319
3539
5146
4364
6160
5017
4705
92
2839
3216
4642
838
3324
4683
6109
5894
2941
4136
212
1160
3413
4580
2856
723
6299
3747
2476
2150
3302
5406
1953
2865
2211
1396
1634
2066
5748
3970
4005
5812
3395
2022
4931
30
2267
4207
1255
208
2111
2553
1724
3334
5
2818
550
5307
4841
3806
6045
2766
547
2129
901
5323
73
4607
5257
1658
4827
3431
4188
4603
138
3775
3075
878
2509
4576
5049
2294
5489
3244
2630
2586
2730
610
850
5737
3579
1633
6179
2676
2655
5372
4859
1010
1865
378
5928
5799
822
4416
5318
3877
3331
4275
2704
5551
4117
3716
1426
4055
2722
6191
6304
2365
4507
4087
4902
3900
6247
4235
5074
1349
5768
2110
5381
54
2402
2403
5946
3642
3375
2321
2105
6305
6212
908
225
12
5080
3693
248
3256
1798
999
5426
2933
1241
4534
4639
4999
1374
5902
3654
2053
5619
2902
4429
4556
4844
4363
4996
4285
904
3915
3624
3467
2036
895
5284
337
4197
5266
5031
6137
4860
3300
260
4330
5591
3252
425
916
3054
2661
4558
6087
1960
5569
2405
5918
2165
1019
379
3418
3826
2186
3424
5483
6207
4865
4023
420
4054
3518
4068
1096
1975
5061
1282
3080
4072
1088
1180
3591
2895
2029
1529
6115
3760
5047
1792
3975
1693
2340
4904
747
799
511
3796
3955
5843
3630
5384
1584
538
6127
6255
1259
3145
4818
6235
2693
4319
1040
1964
952
137
5370
4575
3328
6066
888
3777
2189
2400
867
3260
3543
5354
3498
3020
2757
3223
3506
1530
4453
6184
1770
3688
5742
810
5191
807
757
5388
877
2882
669
5211
6181
4147
3451
5595
1018
5517
5886
5166
4829
1250
753
1893
3932
3638
4389
4790
4018
4373
561
3980
1560
4205
3986
3085
1736
1007
520
4608
404
293
4061
1943
5207
5798
2278
5677
5608
2347
1809
255
5610
5097
1458
3718
1278
5015
5188
3636
5916
949
86
1273
2133
370
4368
3603
5983
1353
3560
1153
5328
3127
6257
5588
531
5841
5755
5062
3562
3749
3214
1646
5441
6130
1440
5335
4668
1603
5825
1464
2734
1674
5929
3284
1641
2176
4928
2182
584
4617
2524
2398
2141
4970
4109
4950
6301
4230
3959
3783
2714
4311
5285
6269
5980
4065
1049
5343
1240
5753
2487
1825
866
1012
1124
684
4645
765
3842
4422
1843
2615
2229
5777
2953
1289
3724
3785
4715
3992
5123
28
1938
4308
725
1350
2489
2869
5805
2395
5661
3995
1144
5897
4260
2465
1015
5018
2741
5402
615
3321
1197
4418
3679
2900
2747
1446
3687
6204
4470
3960
3182
2935
4909
3018
4142
2439
677
3858
3976
2951
52
296
2377
1639
825
4727
574
3517
4783
2265
2978
4585
2396
3473
2428
3918
657
4893
5972
1594
487
4378
403
640
3425
1135
3155
996
2743
5687
4328
1017
4118
2199
5941
2286
2531
4759
946
701
2886
1996
4509
1636
1685
2946
2976
6015
590
4634
2119
560
4985
1054
3366
4099
1370
1042
959
1566
1402
2124
1773
914
5090
3706
5014
4221
2246
312
3172
1622
5682
1716
982
4420
3712
5350
484
3619
1768
350
2812
4499
1364
5789
4825
3077
698
1678
1783
3738
147
2826
4390
1082
3053
3811
5500
358
5339
4156
3849
5675
5766
2492
189
5337
2539
3891
1888
4633
6223
1058
6046
205
5501
5009
4189
3831
1790
4724
3906
533
3531
5058
2149
422
4772
1060
3281
3536
984
6286
5218
3099
3264
5607
2726
3686
1909
5283
6307
5936
3582
4774
5225
1139
8
2532
5368
4139
4379
599
5198
880
4116
5720
1933
5424
5695
1586
2820
4983
1133
3715
7
3119
2650
3553
198
1905
4666
6279
3965
4347
3596
2984
5670
4952
3306
489
3953
634
1154
5852
1999
4618
527
16
413
1657
3453
2431
3503
3569
2420
1497
5429
928
1820
6280
376
5371
2272
5554
2436
6162
4737
638
1703
710
195
3510
343
1652
5865
4307
4166
4394
557
5872
1756
3135
5405
3265
1472
3885
2849
2293
129
3236
3593
1206
6316
1027
6300
3266
5583
4899
5746
5229
3502
3577
5026
1024
5752
1481
3125
5880
1181
4612
4113
2920
4343
1715
2622
6138
1319
70
506
3342
4436
5601
4017
2214
4326
1413
1391
3202
1150
1174
5722
242
2162
17
1910
3607
1642
184
5914
579
6089
1906
4404
453
5970
3659
4776
619
488
728
4858
874
5473
3790
950
2547
417
1882
5238
5254
5952
5760
4636
1161
2819
2356
1992
2848
4490
2594
4108
3141
5830
751
4392
1195
4884
156
5794
1871
1668
2957
204
655
5910
4190
2198
1526
2793
5887
4584
1103
4959
5698
1390
4650
2527
5667
1142
5468
472
720
4545
882
5862
55
5174
2552
183
3968
2881
4153
1207
222
6314
1596
5826
4696
5375
1829
1759
2209
313
360
4162
2785
2463
4057
5476
652
3814
2369
1540
1949
4194
2909
686
1872
2393
3617
155
1511
5917
3854
4662
5855
2122
3778
3734
3029
2659
5775
4845
6106
5046
185
6256
2727
3758
4897
1591
1890
4628
4496
3012
5879
2588
4760
5338
4898
5181
2327
2962
4107
4158
6190
5586
2130
1612
3580
2032
1050
1210
1604
6056
3373
1417
2131
1595
827
4430
393
1827
4914
4708
4232
4286
1936
6268
6076
2548
3673
2397
4871
629
4196
4439
5172
4489
1510
3165
2046
731
3625
6322
4948
4692
2281
2637
4990
1818
755
4233
4217
435
646
1948
2877
5942
2970
1519
1745
3171
6295
1870
339
1369
1727
2016
6051
5478
4659
1711
1648
2419
3696
4001
2583
4365
1397
2521
2412
5494
5169
2684
3817
2481
2442
3859
4758
668
5448
2446
1404
3270
5070
2699
4667
4067
3702
5709
1710
1970
1863
2076
3460
2213
3597
3133
6050
5712
5761
5032
4981
3750
3374
5634
1993
257
6014
140
556
1449
1192
1473
5728
232
1245
5536
4288
1855
2899
2846
2409
602
3576
269
6267
4881
5964
2738
1665
3091
3009
4557
1914
2890
31
3063
1362
3226
3183
2038
1988
4004
4486
1769
3305
162
76
6118
4332
5050
772
5593
5025
612
529
2654
2495
3129
2222
4505
160
4924
4799
4700
2651
2597
4998
3253
6071
2874
5671
3269
1233
292
5780
2496
5710
1682
3384
4227
4853
879
383
1874
3412
791
702
1376
643
1330
5705
4195
4773
1248
2462
2616
920
1931
5203
4912
4956
2315
2277
5540
5961
2717
4532
1378
428
270
4717
3312
2153
1428
2578
1238
1244
3522
3254
2872
5701
2104
2166
573
3558
5912
5676
3301
495
1522
2472
5966
4289
3016
694
6035
642
2326
1118
2362
1705
5048
3938
6285
3903
192
1486
5263
5987
318
3768
5141
500
2912
2346
266
4491
2754
5803
2271
3902
5584
4317
3719
5369
5785
1490
3566
4446
6270
4619
6241
3061
5816
2648
305
439
6289
847
2889
2671
1549
1312
5446
4669
1926
107
4788
5066
5783
1107
4953
3520
3487
2268
3852
4654
3622
2323
5374
4396
2565
671
3052
2542
3704
1367
3507
1687
94
4553
3232
716
3437
3667
2097
5321
5393
310
462
5485
2028
3034
3059
5044
628
3376
6143
5574
826
4679
989
5264
2378
5363
2773
4211
4081
3267
5248
3225
785
4455
1164
2982
1695
5389
6214
2021
5068
2805
2274
4527
1878
622
6232
5416
526
2390
5840
3017
5613
2413
913
3914
134
2632
3611
2012
6225
4670
5396
5947
177
4968
3528
3275
1215
3465
2247
82
3964
5906
3224
2510
381
6075
2376
6200
3102
5963
5226
3208
4809
5526
1003
130
5255
5842
3290
5107
5641
4114
756
1875
1796
2385
6244
5985
6249
3488
2457
236
2950
1903
4828
4710
4984
5309
841
6154
3015
5527
200
6177
4276
79
2065
1735
4846
6278
2947
2989
1155
5099
2513
4140
4616
3512
3286
2575
2043
5790
303
6029
5943
3079
2316
3464
1260
4473
5033
1032
1675
665
1876
749
1728
1427
5874
3755
1414
5575
165
3405
889
4366
3083
1123
4316
918
767
100
203
5926
1817
5945
3860
5243
1401
4482
941
2634
711
273
5467
2217
2736
133
722
5690
471
2518
567
571
5471
5891
486
503
5809
5968
2490
3861
5275
4524
1184
4987
5310
3764
5155
440
6196
6231
3031
3398
6264
5998
259
597
3570
1269
5121
4614
4525
5647
4151
5253
2921
3271
4681
69
3971
696
1320
4248
5177
329
4028
4573
2841
2373
5147
5955
4975
3880
5122
3161
2744
2073
535
2585
5938
4293
2700
5599
4078
284
3340
1384
5411
3441
3495
1838
2589
4475
1959
4567
3247
135
5092
2709
6229
1067
5993
5458
2799
2618
3650
1500
3618
3786
2137
2569
1967
5156
142
3142
4092
712
3727
3443
3404
1339
2652
4599
1702
1348
2422
3317
3745
5590
5415
1217
4874
6211
3951
1220
3762
4170
1166
1456
5664
5019
2803
5157
586
709
746
1406
5984
108
4255
3190
2710
5349
3268
4542
4929
5652
691
1334
4009
5110
2288
4807
1287
730
5814
1571
2341
4374
6238
2445
4049
738
2289
4384
5932
2910
1048
983
4986
5934
6054
1338
5028
4812
4354
2740
6194
2310
658
1621
4043
3698
4963
660
1778
1963
1100
2349
1430
3078
323
4278
429
4474
966
351
3198
1461
1392
2939
3655
4887
4913
188
5738
1211
3041
93
2621
2719
2994
3937
4362
4771
4960
5041
34
5909
4220
2545
1941
400
1412
4625
6074
1807
1035
1957
2636
2927
1570
290
6164
5178
4120
2256
5457
1587
6222
6080
1592
4472
1714
5443
4972
4795
3065
5119
1579
2721
1525
5769
2807
4739
2732
3945
3010
5135
25
3832
4819
2132
2144
5587
5069
2800
4236
6111
6006
2248
1295
132
4401
2607
4062
5515
4106
4031
1242
1442
44
4571
5001
3532
5800
706
5138
5877
1902
1574
971
2534
5072
1277
2938
3103
2504
22
5296
817
4428
779
6004
5876
4641
5538
5490
2501
5933
4631
5869
1013
2473
2071
1644
5295
3561
2884
5171
3046
5292
245
5491
951
297
1030
522
1643
3612
4409
1962
2026
2948
496
2649
5895
432
4804
2964
2095
441
758
3662
1535
4371
5086
713
4729
91
871
2625
1645
2448
1916
4367
5113
6287
1235
6317
2954
2128
2269
4780
1965
3548
540
633
3071
5357
1068
4657
5988
1824
3072
1763
4855
5715
3333
5537
6226
5578
6234
4969
3233
2372
4978
1664
4878
1873
3057
5539
1887
4725
4182
5091
4677
4320
3180
3319
2180
3850
4713
2207
1496
580
4145
2126
3137
1543
583
4240
766
863
6098
5727
102
65
626
3475
4566
4596
4128
3637
5013
4583
1016
4421
2255
3610
5104
1393
3042
3800
6319
4084
3829
1328
653
2694
5359
1839
2099
144
6180
2653
2517
5530
3540
4519
4923
1482
4886
85
2858
853
2825
1117
2932
6175
4251
5192
2644
3658
840
5743
5139
1128
4340
2767
159
3721
90
2878
2212
4178
3352
1435
3835
1483
5183
1524
2411
289
5741
1733
2232
2943
3774
6009
1907
442
5034
4
1746
2337
1388
1379
6008
5170
964
3203
4261
784
1625
2762
956
3819
6203
2863
375
1719
457
2755
250
4867
6150
4494
689
3330
2469
5699
1628
1802
797
1947
1572
4155
927
3759
342
5124
2054
105
20
973
3245
169
745
5824
963
3377
1293
3150
534
3545
3649
1717
4674
1997
5949
2433
4403
2696
6133
4356
3651
460
5740
2139
5311
119
2831
974
6100
2236
3304
4565
355
6273
4125
4611
5579
2172
2432
1680
6274
3533
649
4445
5663
4408
2299
352
4357
5637
4883
3983
4891
1453
4265
1788
1494
5461
1493
5585
4268
2905
3314
2664
3692
1713
5801
3987
4300
6276
5969
4441
116
4337
5386
4344
286
4019
5839
3665
2614
5322
5686
4749
4282
6094
3477
4997
2237
4070
2068
3438
4370
3392
1741
1898
3699
446
1382
2907
2949
3069
3996
4589
2995
4449
1315
3360
5767
1084
2333
5202
3368
5898
5604
3763
1758
3111
905
2011
848
4335
1398
4903
374
1475
5747
5022
4866
2238
482
2516
2937
3635
1835
6246
1896
3105
279
3726
4699
3132
1495
4873
1305
6266
2440
2966
1991
252
3534
860
4444
1532
2572
5265
3026
635
3039
1593
3578
831
5020
1089
4051
5435
683
4814
4483
4523
2280
1209
4253
3824
1304
1077
6261
2452
4951
1858
6090
4269
1168
891
5706
858
3765
2171
253
243
2975
5596
426
2983
4550
563
311
4601
2336
317
1043
3311
862
5782
5105
4013
1885
4559
3456
4058
5512
152
906
4754
4714
5510
3444
5197
3122
2019
5144
3919
3905
1559
395
1256
3546
45
2599
5848
3941
4080
695
3218
4651
1344
3794
3567
4382
2928
3671
2843
230
4312
873
148
5611
1840
5609
415
4088
4908
4518
3130
2079
3524
2200
1922
349
2366
5694
1365
4215
972
6107
968
5365
3261
2094
1467
4974
1520
4741
5499
3209
6144
2048
611
4706
2587
223
268
1263
4764
3320
4111
842
4315
3365
4522
3468
5347
386
6036
1986
1723
4434
6139
2204
1257
1297
5636
1780
3844
1615
24
1654
1368
3263
2173
2809
3511
158
3962
1699
4351
465
60
693
2047
2263
3432
562
5836
1232
2538
3509
3401
4377
4723
41
5130
672
3420
5658
109
341
4676
5833
368
5939
1222
4684
3235
14
5757
1386
396
4480
582
1546
1000
5366
2929
3897
4510
3818
18
13
4787
362
4798
6096
5646
5137
2017
2566
5355
1372
3653
5639
3257
2987
1363
957
4528
3400
4359
1266
4021
6057
1237
1816
5892
5417
5477
1360
1554
6288
2620
280
4925
6028
3115
6224
2062
5247
5615
5927
544
499
5735
4060
3894
4038
4372
4388
275
2384
3977
2027
1318
3879
3855
334
4570
5459
5064
4648
2781
2519
1626
5907
307
2183
3369
4500
2196
2023
2494
1730
1782
1590
1271
4007
568
6041
215
703
2610
1751
4488
5479
1974
5204
925
4121
1556
859
3908
3414
26
63
2371
5977
1375
4492
4533
3388
4746
2331
2901
4096
2102
6169
3196
3822
2249
2456
5792
1366
5216
338
5618
4664
4748
5827
5267
2836
6210
933
1191
4202
1523
5708
2325
1830
5854
3656
2355
4820
4989
3251
5054
1172
4620
2042
1618
517
1439
4059
2952
5924
4649
377
719
5055
3440
1310
2735
271
6202
2862
77
2728
3472
688
5024
2421
5763
4547
1507
4751
3154
2635
2437
3458
3837
6077
1737
1221
2790
3939
2742
6110
141
5563
715
993
4896
387
1188
1676
1190
6034
566
4578
3559
5831
117
5239
4130
5249
3035
6178
2713
5400
2491
5038
4907
4224
2258
4732
6112
4200
6213
798
3670
1065
5306
3697
1509
936
3956
201
3474
4537
4730
38
267
2687
6259
6277
2240
1551
356
2961
112
2224
1857
1434
4135
5151
4833
4934
3869
6242
3911
2223
3907
2191
5362
504
1478
1038
2311
4425
4769
5725
1006
1177
718
272
5498
3836
4412
661
2645
6236
4782
4459
5635
5714
5128
196
5277
126
5896
5959
5495
2148
5093
49
5445
4466
5418
4123
5168
5420
3095
811
1296
803
2392
5642
596
2559
3771
4226
3711
4579
4675
5260
4647
4258
302
1764
5996
4185
5561
931
1704
2307
95
5991
5562
5021
4438
1087
5778
764
2626
3909
6170
1299
2633
5378
2887
4587
2551
4243
19
3118
5076
9
5751
373
2009
3421
2543
824
5492
3685
6024
5726
4094
922
5160
1288
680
5524
5648
1972
2692
4803
4085
217
4119
4861
1598
5651
4870
1079
149
4245
3107
6217
5421
2761
2010
2450
2998
4688
2318
5287
2401
2296
3486
502
2988
1854
2817
3997
2792
587
667
4935
650
5940
452
2663
4303
5182
603
1833
4063
3326
1661
5549
228
1462
651
388
1175
1116
4419
1617
3792
835
1600
1616
494
915
2330
463
3186
2725
256
4936
3843
1681
1698
5423
1859
4638
3348
5866
1405
5271
2955
2658
4175
2429
1134
5463
0
4424
3201
1265
3212
5179
2592
5117
2108
4110
2782
5626
3032
2303
2942
3757
53
903
1536
4047
1795
4451
1542
5447
3158
5125
3901
6065
2508
2416
4777
5228
4574
5223
5325
4464
139
4823
804
4206
468
3204
2291
5598
2870
2435
624
4342
761
6167
3497
3073
2898
4577
2737
2061
4154
2399
6092
1533
5807
5100
1567
2859
1930
3856
5552
1247
2876
2187
4380
896
2201
2914
106
4586
2406
4955
2540
1147
5744
778
5529
2220
5817
2168
5299
5140
1306
454
3181
1138
1292
2083
4830
2292
875
4702
4103
790
1223
4134
3761
2829
4848
3853
2342
593
5504
35
4033
4621
3678
493
5592
423
1786
371
2867
4835
1631
4994
1531
4280
5650
1332
4437
5953
1437
1811
1069
5399
3406
3013
4792
3926
5422
3001
436
1912
258
3602
5450
5948
2923
3036
4697
6128
298
1981
4504
3720
497
1243
2266
2074
6189
5269
1767
4658
2706
2300
6010
2824
1380
1340
2470
1279
1883
6001
4435
3896
5440
1813
2945
1249
5570
6233
3823
1754
4133
5689
1534
367
2364
1913
173
274
621
4386
5176
3371
5376
180
4036
6145
5534
5246
2109
5627
5802
4916
4000
309
4313
1359
733
1091
5487
5623
4506
5915
714
697
5251
3871
2993
5096
2991
6308
2698
5564
4665
5771
2353
6265
46
519
5165
4193
1995
2169
4383
1747
1791
5605
1774
3592
474
2707
3179
994
2770
3639
2617
1766
75
314
4826
1958
3353
919
1492
3664
3584
4740
2530
233
1845
3751
459
2242
1081
1125
985
6013
2500
1346
4143
5951
4594
5242
3516
150
5245
1739
48
443
783
369
595
5043
5036
1743
3866
3394
3609
3782
2000
5911
1823
992
5502
1812
3780
961
1911
942
3499
5873
1008
3805
5548
4892
3363
990
2101
3230
794
1544
1110
1152
4731
5404
976
1316
5617
3295
1561
1066
2343
3088
6142
3470
1891
2205
2454
6168
1371
6158
1789
3680
528
3552
1781
3156
4977
2640
3028
2338
1677
3219
1101
4191
2789
6121
3385
4022
1775
3113
5700
5330
6019
3149
1805
2078
4610
235
885
5868
2426
5888
4376
295
744
4808
3128
5279
1655
5762
6078
6136
6122
5514
5654
5437
246
6245
2924
3380
565
2665
2780
1057
1688
4958
2864
935
1422
2667
5304
27
5520
5721
792
1777
1158
5341
3707
1341
2423
5505
1848
2786
585
637
1021
1920
5114
2853
3587
2161
4836
4703
4921
2314
3484
3563
418
4164
2971
1230
299
6271
786
5469
237
5960
1053
830
2225
594
577
1880
2731
3038
2590
802
4652
5859
4104
5065
4753
4765
6060
2064
5149
6011
3801
5730
5612
2116
3640
507
4287
1186
1517
5662
2746
4701
3728
1302
1182
5382
6049
5573
5302
1860
3217
4888
4281
3795
1251
4229
4030
5464
4901
5475
5986
1342
3621
6083
4292
4630
4609
2778
4712
3565
929
2619
3988
1881
1583
1106
4301
3921
5298
1025
699
4796
3929
3426
1956
357
3769
1285
6063
4938
1787
2192
3008
663
3538
470
1246
151
3684
2324
1162
979
4440
5016
4297
3410
3804
1659
391
3643
2164
2044
4779
5259
2134
3478
1037
2072
6197
3982
1270
3121
4967
3799
4032
1373
2750
1806
1952
1929
6291
3109
1955
3062
1236
2922
775
4663
193
4851
1444
4516
3116
1129
542
4991
3007
1669
2857
1399
98
1899
969
3741
789
3279
5431
1853
3808
3000
3157
1708
3978
808
2350
3490
998
5425
2612
2847
4497
1651
5084
2574
4469
5503
5851
598
3262
4102
4284
438
846
5199
5060
6030
532
741
3220
2833
6284
2875
3717
2904
4745
5765
1171
4458
980
2529
3081
2562
912
2720
2033
3868
5630
2897
1894
3104
2771
6240
2408
5173
5367
2018
1990
5348
4010
5702
3206
3250
5506
3084
4847
5460
480
1094
6091
5629
42
3025
1738
5614
3535
1169
6153
4259
3508
5078
3500
707
4310
4183
1131
5250
685
3329
3604
3661
2760
6283
207
5356
3920
3143
4629
2177
2759
1403
1485
4029
6209
389
1624
1801
1317
4598
1832
4876
865
414
4943
2842
4548
2798
3691
3345
2944
3087
4569
344
2980
2647
6064
5190
4868
3564
1722
3207
6039
306
1966
2816
6101
4520
515
2582
1111
4431
5185
4045
771
6275
6044
3282
15
3303
121
4734
4900
3393
6228
348
411
33
2279
3337
4314
4304
4767
4219
6079
2146
2195
2475
4840
5003
5313
401
1090
524
1120
1383
178
5772
1749
4034
4083
5808
1915
6252
1856
1901
2556
3045
2002
6003
4552
1468
3660
1322
3189
5523
1897
1776
210
1078
6032
3258
4250
1725
1515
3378
5305
4456
2603
6303
5101
1834
3917
4039
3527
419
4882
4138
1132
2479
4789
5724
3944
3913
1083
2297
4719
1119
1122
3723
1721
2917
1347
2554
970
3599
2458
1202
1581
4168
2306
4348
537
623
1313
3873
632
1895
3243
2081
3436
5256
4947
1268
3740
549
2563
2571
2852
333
1126
3999
4762
4880
1565
5111
5974
451
4179
2447
361
5451
6132
4141
6193
115
5314
3361
5281
1504
1640
4305
6120
4476
5108
32
3389
2477
1718
4213
965
1886
56
5000
3943
2879
2567
1321
4801
2077
2488
1432
3170
5221
5453
5222
1451
3834
6135
2868
5289
6117
2718
4979
114
2502
5262
66
5692
186
2202
1934
1200
4693
5288
2526
1784
2031
3550
1569
485
4077
2999
1552
4885
1518
1908
4521
332
2558
3452
1148
510
2368
3192
2261
6163
1707
1547
6058
6298
6126
6146
2689
1623
3549
1264
1697
4582
6081
5233
6067
481
3586
777
1940
5703
5774
5920
5556
588
5532
787
3966
3123
4375
1706
4961
5466
3779
2218
3055
5665
3068
1555
3870
4324
1662
2794
2155
806
3184
4877
1026
2507
2601
2505
1488
1194
4171
1969
3893
2560
6199
2968
1793
2688
687
1022
3514
6243
5553
2357
6124
1303
2257
1921
5847
5681
2896
5118
1267
5749
809
2514
1294
390
3094
1086
4015
4875
2151
4716
1599
1455
431
3529
3346
4035
2806
131
1480
4736
1352
3297
2197
5835
2733
3729
4802
2379
5148
2455
6155
4349
2981
4252
6161
2963
3082
2593
3417
4433
6097
6239
3160
5208
3961
5383
3043
5430
3725
4391
88
3162
4234
5129
2675
4742
2550
5029
4184
359
3197
6171
1691
1361
910
4174
2014
2972
2231
3023
120
3019
254
3752
1225
6219
708
424
3954
2749
2557
576
5881
944
1753
4895
3816
2643
3924
380
6156
3291
5750
5781
570
5957
4775
1457
6099
2250
4503
229
2745
5472
1389
4720
2037
1819
2779
2967
1528
5315
2135
4593
1115
1822
3323
1351
3298
2523
2672
2188
4423
1199
575
1055
58
5167
2459
1387
2058
2270
837
3802
3863
6215
5518
4763
2639
5923
962
5116
2284
2776
4237
2020
1076
3963
1632
6311
892
2049
5010
262
2235
3585
1023
4086
408
6258
2493
458
3949
5194
3815
2751
1311
3867
3709
5134
6068
3898
5508
3315
5823
2075
2304
251
281
6318
4073
187
1726
4673
1179
5844
261
2940
2679
1808
6016
4479
2120
736
3674
3998
2596
5162
3793
3098
870
5094
2568
3364
2861
5312
5521
6186
3491
3878
5921
3359
6093
6119
3542
1601
163
6134
6183
2723
2098
2181
1047
1146
4785
4452
2359
464
656
3461
47
3541
1308
3883
5718
99
6188
3934
1849
4270
5081
5412
1445
4695
3396
2335
768
4203
5582
724
3931
1121
1942
2796
1419
3325
5507
174
4181
5045
678
5804
3735
5903
421
1258
3004
937
3967
1183
572
2486
2438
3788
4350
4711
1810
5063
943
5040
5544
6281
498
171
2404
320
5638
234
1425
645
4694
6043
3
2484
5496
4208
80
1189
4176
285
3598
2013
2512
6187
3024
5227
2425
5270
2915
1140
3058
3525
2926
828
5931
2103
4707
3652
5231
1170
3027
740
762
4042
4192
104
6027
5159
2483
1847
96
1982
5580
1582
3922
5679
3646
1463
5528
3682
2096
3222
2154
5729
1228
221
3947
945
4561
2604
328
5150
1620
1454
5240
3428
1750
4468
4551
2345
4918
4264
4173
6260
3608
960
6312
226
4644
157
2125
363
461
5999
6037
437
50
3387
1345
1178
4671
4309
4405
345
3825
2086
5308
4690
6062
2208
1550
2608
2903
3733
1477
3935
315
1742
5581
1415
5657
2308
5333
4805
1072
6147
1196
1484
1193
4257
5622
813
3049
1613
3022
6251
1323
6315
2328
6095
1173
2595
4849
2541
1036
4919
1429
4395
4995
3753
4915
1831
514
5776
5600
87
3194
3349
4053
3672
4932
2844
2050
5089
2052
4302
5990
2106
3409
2170
2216
3613
1744
6195
5786
2758
546
5594
4214
4026
3481
1438
986
5717
227
5995
5007
3383
3505
1985
4266
3096
2115
1354
3773
1075
447
2085
1395
4590
4361
2579
2855
4637
5075
2210
2919
4262
4447
2808
3840
5853
1684
727
2123
774
1575
2784
3466
800
39
5982
3187
4539
5244
5711
6151
5908
6263
5522
2387
5557
5454
3347
364
3933
4338
5184
3730
2163
5864
5195
1505
2764
1673
1466
4122
3820
3422
2088
793
1734
5818
5351
3076
124
2674
3471
5456
1005
1470
5919
4560
1112
6296
4124
2253
5531
4360
543
6272
5439
4778
3648
5196
2763
1231
5274
3430
3178
2638
5567
5899
3427
1935
2415
3993
2252
5158
5925
2958
3382
4661
1629
1862
5398
5067
4743
2668
5660
1001
2051
175
3875
917
1416
3273
6108
2810
4531
74
3435
330
604
3044
4872
3994
5224
182
554
5214
5861
3166
2753
1080
2866
5849
3339
1573
739
4186
1213
3030
6114
3663
5301
3812
172
1056
1002
2873
5027
1980
2471
2056
3634
559
3756
1538
3335
3874
4815
1826
1489
4209
3571
2791
3912
3990
2716
734
1474
3501
2285
609
5373
6310
3590
244
5175
3277
2057
68
5353
2461
3890
37
5559
5332
5488
3318
1394
2117
2894
3523
4414
4334
2241
1187
2040
2797
5391
2711
4443
3589
4052
1983
3547
265
1253
1762
1261
3979
1925
3972
127
4187
2934
5885
2908
2959
353
5901
3784
5856
365
3419
899
1545
3950
1114
2537
161
1095
4606
5011
3341
3942
2891
1104
477
4225
4016
5773
2313
823
2024
6031
1689
412
3228
876
4839
4954
3772
5077
2275
3140
5480
4862
4781
1516
654
6040
5470
6020
6174
1276
3316
6309
6
5252
1683
3097
5103
2880
1109
2251
4939
2084
545
4341
1576
4327
1841
3108
704
5336
2118
2090
2317
4722
2804
2143
5965
238
3923
4160
2769
5187
939
5871
4066
4856
2997
5210
5379
4834
448
2035
1165
430
4167
4485
5731
4267
666
4949
644
466
3677
2069
2986
630
5035
5364
6159
4165
5944
5904
967
2460
852
508
113
216
616
5189
3280
2348
1513
4012
1836
1884
5220
1577
3483
433
5668
1760
1998
1433
3457
5106
1062
833
1589
3164
1424
5883
2702
861
4369
4791
2334
3101
2152
5645
5030
1431
4101
5820
2888
2682
1441
3746
894
467
3807
5004
4735
5571
2931
981
5958
5427
4398
2482
3616
5850
2006
548
6105
3089
3249
1868
2185
2515
5734
5791
4615
170
5087
4097
4131
2570
4869
5282
5882
884
4387
2227
836
3403
2960
4613
2127
631
3138
5316
5566
5186
3090
61
902
1487
1800
6042
5758
4517
4689
647
1046
1978
3690
4501
2140
639
4112
3442
5127
6048
1977
5385
5449
4824
3188
4291
1842
4044
3362
1667
4922
3629
2370
6070
1336
2788
1889
2060
1649
3167
1503
5303
5052
4549
2705
1799
3343
3492
2827
530
5102
1208
6116
128
5442
4212
1602
5997
4691
2290
5674
3357
5272
4006
6221
4345
1450
832
3176
5555
600
1185
3973
3895
5206
1720
3889
4201
601
4100
2497
2157
1214
6082
5994
4988
2474
4091
3411
2685
1377
1608
3847
5546
347
5215
2005
3433
4462
5201
5344
3940
3881
1973
4074
5346
6165
821
282
513
2977
4163
1506
1491
1761
3313
2686
321
1945
4541
1029
1864
2344
2480
2642
1607
5290
816
316
4346
2580
5606
3415
5684
2295
1421
3169
6023
855
2112
890
5059
224
5989
1508
384
1325
2708
3309
456
4816
3958
3744
1927
5324
5073
4149
5828
1281
455
1212
2389
2783
4910
752
3450
4511
1850
930
1748
6198
3355
606
2030
3886
5432
3307
1984
3356
839
947
3544
6253
4075
541
416
5632
1286
4048
2729
2451
1653
1696
5905
5143
483
4467
3797
2417
2055
2067
1729
3631
4755
5234
3240
2965
1327
3174
23
3439
5286
2320
3791
5643
5696
6053
4680
1226
4704
3391
478
3350
3555
4526
450
71
3736
2822
2339
3605
4450
4296
5095
1771
2629
856
3447
1059
1637
4756
6149
5673
5978
3144
1803
1358
4146
4964
5481
6140
1307
4660
4957
4678
4530
1331
2511
5863
2662
3737
4448
57
5867
276
5428
6005
953
4355
1672
6012
1028
1656
3246
2025
4837
5542
3601
2756
4498
6038
1314
3489
4546
3770
3294
5779
4588
1514
1051
4493
4027
219
5878
2070
2221
781
4272
5193
1650
5497
518
3930
4161
4298
618
4863
3205
4738
2114
4321
2641
525
4127
492
1356
2787
1157
1686
4279
2206
1954
5079
3134
64
4624
3809
2193
5438
4148
6208
3904
5112
4794
4025
558
4591
555
2045
6033
5656
2598
1944
3476
843
1918
4800
1167
3014
2992
5683
366
801
1252
125
5822
6113
4726
110
2990
5889
620
6293
6216
5811
5756
1605
394
2407
2893
308
1004
4159
2080
1597
4306
4622
1917
3833
5541
3139
674
2063
4477
2444
2802
5797
3416
3048
3701
3581
5935
2979
3131
1779
4093
2801
1102
4656
2175
4906
6017
760
59
3289
4536
795
776
5401
1108
591
3899
743
4238
3227
6297
2974
700
3293
4180
6129
3221
1923
213
4698
2765
5649
4813
2830
6173
780
5973
4274
2678
3888
958
4502
3299
5132
5088
732
512
4605
3276
4822
2936
1772
3916
818
1410
4471
3928
5739
1452
1588
2535
1939
2374
111
5326
123
1085
5900
6141
3676
690
3173
5145
136
4014
5513
815
3884
6294
5291
5394
5444
3234
2973
675
240
490
4041
406
5547
2282
5486
4295
2525
2871
3379
1499
754
4331
4728
5659
5796
5023
3743
168
3657
2203
3124
2468
3991
4090
2813
5975
5845
2363
3336
6320
5433
3163
2113
1216
3229
869
5745
1568
2007
143
103
1671
1614
735
4821
4231
1846
4852
1670
6104
4643
3159
3530
893
897
5237
5436
6085
4484
5232
1156
4082
5723
1324
2739
1512
3623
1815
5815
2646
3146
3731
4137
4946
5241
3242
1298
679
5764
5890
2695
194
1176
3754
2837
4056
2259
3086
3126
6102
5340
62
4399
881
3504
1950
4413
3434
2156
239
3694
3739
1527
1
3606
788
3887
4784
5482
6206
2380
2121
3238
5209
2233
4487
2835
3322
3669
4768
2219
2453
2260
5545
1900
4254
6192
4512
2834
4529
3803
3237
2147
3936
1712
854
3231
3485
5981
3841
4463
1851
1105
3147
5576
3620
4543
2892
1700
3285
4037
2697
4842
1785
2283
1423
3675
4600
6125
2276
4406
4854
2850
5164
5360
3821
5693
5212
978
407
1198
2178
2382
145
4157
3370
327
1436
6220
2624
5008
5719
3211
539
1971
3255
1113
5142
1227
987
5213
742
5535
5465
2673
2918
1011
409
2814
4973
2361
2811
1647
166
2174
2609
3429
4817
4481
1469
1291
4277
427
5205
2239
4635
78
5653
