691
5748
1834
1808
466
5138
4089
5287
6232
2972
3726
3664
6002
4616
5324
2593
5602
189
851
1694
622
1338
104
1480
2526
2307
6281
5844
1231
6312
5365
3240
5501
300
4631
6176
2976
417
4728
1425
3061
2362
359
2400
1866
5625
3003
586
1745
88
5604
4622
642
4272
3723
3077
3986
5942
3706
5969
4506
1387
803
2857
4786
709
4648
620
5288
4834
3074
4395
3425
2587
3597
5576
2809
2004
519
1711
1661
4079
5730
1919
1744
3551
6196
4935
3658
4435
1839
6033
1727
1340
3064
5563
3210
5965
4937
5439
80
462
6097
5899
4111
914
5584
2931
3718
5984
14
2620
4318
3357
4266
5852
4706
4036
550
2298
5048
657
3480
4124
761
2315
6051
1224
3807
3135
250
1327
4632
701
3709
4946
5376
3934
2884
2256
4764
4228
2498
2066
2390
1838
3137
1035
997
4678
2746
2137
3078
5431
908
4731
4907
5793
6035
911
6055
4399
2749
1638
5885
4725
3000
6186
4739
2453
1993
4162
1118
442
5464
2074
5834
2038
31
5465
2957
5826
4525
2600
5536
2911
5214
540
4757
6269
3290
5217
2555
5910
2753
5477
6138
5133
2001
3012
4671
2989
1994
3294
1576
381
5776
5566
4642
440
301
5065
414
4016
3031
501
3633
4782
3918
998
6171
3427
2197
457
6141
5879
1566
4066
5076
1493
1540
2146
686
647
4587
1936
3951
5938
4848
1141
4078
3583
5437
6212
5620
1490
4865
5213
530
6014
4269
593
2445
3511
3915
5549
4468
6146
650
2003
4142
4607
4966
1241
1218
182
5005
2986
3605
4034
210
1640
424
4701
4321
4823
3748
2154
2245
5858
1023
1472
2831
4176
1618
3645
4094
1713
2678
1116
4538
1707
5395
2717
4421
1625
1037
6054
146
4254
2198
6122
4710
209
5802
2906
539
3747
2393
4913
3801
2448
609
1604
5162
202
4322
2675
1830
656
544
3741
5761
5471
3601
4265
1216
1051
5943
347
4091
513
2442
370
1398
3555
2509
4897
5746
5302
1581
2125
2159
585
1180
3157
2408
3095
4619
722
2382
4112
4659
660
6131
549
2755
4887
203
5219
2630
884
3129
1669
6181
1130
2908
4188
5531
3368
2040
979
164
2114
211
3140
4990
525
675
4456
5009
2834
3518
5493
4329
3582
1012
2410
3310
1577
6226
4154
5573
1872
4629
3916
4657
6095
999
962
4116
1833
1571
1183
1679
3704
4715
357
5713
4849
5697
4065
4144
2616
5807
6005
3021
5872
3130
2978
2656
6069
283
1668
4274
5189
2507
380
651
1851
673
32
6101
231
865
332
5581
3313
5716
5297
3169
6318
1033
3104
4349
6255
2606
5735
5842
5977
2217
4676
2022
2301
4033
2433
371
5113
889
5241
3514
3424
1692
5204
4513
3042
1408
3972
3737
2228
4810
4623
4127
5543
4177
6245
5093
2039
5628
4169
3221
4316
541
3787
4057
5721
2604
2639
3539
1814
3847
1307
6107
1362
1925
1136
4793
3796
4908
187
5693
4620
3390
106
5413
2521
5130
4947
445
4640
2861
6104
2565
2489
3176
4259
1485
1687
693
631
6004
196
2995
6207
410
3733
3648
1868
6183
1546
5112
2738
3679
4398
912
3640
6105
2607
4941
2490
1753
1848
5218
817
2199
3938
5892
2424
1940
4131
3056
1913
965
863
1652
2956
2206
3988
276
3561
1666
5447
1921
1813
5147
5329
1573
1226
770
4869
4096
5505
4343
3297
1483
567
3075
315
3271
5073
5238
2625
716
2816
5913
4763
3624
1929
1708
891
2709
3386
4853
5319
1721
2614
1672
5367
4355
5798
4325
4727
234
5884
4716
2463
158
1568
5363
4924
1616
2300
4253
3547
4335
2913
6319
2331
5312
5476
4251
750
4871
611
236
1714
710
4975
1117
2041
4754
3079
5588
5125
6145
4766
5226
2572
5178
3455
58
1611
5384
3740
5411
556
877
238
2824
2553
2659
3305
542
807
3475
1762
1445
6044
1548
5809
2845
3443
4547
1378
4332
996
640
3841
1343
5496
545
1818
2244
5944
4986
917
422
3028
4590
1528
1918
3677
3811
700
5182
3519
4341
426
4012
4278
2552
1759
1772
654
5106
33
3714
3319
4675
5481
704
3708
113
3939
405
4820
3067
2774
2086
3649
5305
4056
2836
3828
2711
4719
2060
6257
5547
4960
1060
2316
5194
671
5190
730
2856
3895
4303
3105
5903
5939
3719
6070
5835
5818
3995
823
474
2866
4480
4107
256
3992
305
3770
2059
4771
4600
614
5269
959
3198
3035
3604
3380
5784
60
3413
2851
2804
3060
4171
6087
3859
3968
6026
5702
5777
3596
1965
3330
5508
5522
1969
2009
2542
5139
4455
316
6006
3690
4240
1009
532
4217
2887
226
5375
3722
2484
1342
4076
5157
3777
3173
6100
2214
685
1606
3283
3670
883
4232
6316
128
1150
223
1380
1608
1321
1379
1970
5928
1615
3032
554
3332
3338
5103
53
3296
2997
775
4494
1497
5389
3516
4951
6299
3592
5224
1410
1073
1783
3261
4049
5260
4427
2282
3792
4381
2333
2346
4160
1418
1373
2090
745
857
4927
2941
2451
787
3208
309
338
4270
5633
5350
5117
3223
2399
4334
2841
5666
4685
1587
5283
1159
1001
4717
2560
5857
1370
3199
1972
5764
326
5953
2174
5674
3715
6160
1524
4798
3459
922
1957
448
1590
4668
224
4527
2171
2966
757
5606
3446
3999
2974
2710
5741
5753
1521
1765
3138
5072
456
2100
5989
4476
1662
1156
4680
3396
241
4744
5655
6073
3477
3953
5779
4153
3030
1113
2601
1774
2692
2654
790
2998
5097
5955
3462
92
2983
5929
2878
2917
5535
2292
5886
4130
1551
1500
6219
1592
366
1320
1966
2733
2671
4250
6282
244
1102
2340
1537
3288
6290
5926
5820
5575
2088
5014
1011
5866
3631
262
314
695
509
2076
1845
4054
3689
91
4637
2779
5712
1377
6106
4988
6038
3853
403
3568
2504
2508
1188
3639
2203
3422
3020
800
1004
4621
1318
5327
4909
3560
4317
5827
1171
1064
15
1058
1509
69
4956
1561
566
6268
479
5917
3361
3145
2477
4584
2991
2518
391
2081
5785
1795
5874
1693
3620
312
5075
3420
2156
3113
4699
1195
2367
5405
1529
2167
6015
4168
5455
4736
5436
5551
880
4382
4391
3962
1582
2591
3942
4687
2833
3325
4877
2769
3383
3522
1098
5396
4301
4103
5377
6267
2170
4288
3231
2466
1655
2903
5030
298
1626
1326
1344
3444
3760
1105
3204
2083
86
2312
1517
2411
4292
5170
5358
3524
1038
5211
5983
251
2275
4277
2105
5137
5255
6057
3419
966
3509
2186
2215
1850
2847
1350
3408
5129
2246
1089
490
6025
470
1736
5394
5869
6165
3638
4045
2352
3541
921
3269
4723
1589
1456
2657
4900
4595
5382
5463
5810
6037
3266
5912
2007
598
4192
3322
200
3650
4273
4761
1767
2415
3814
708
6298
3385
2530
649
1996
4383
5719
3851
4233
3123
1036
1992
1374
1353
288
1487
243
3977
2901
3141
3703
5847
5134
4829
743
5039
3103
5458
2602
2686
1193
1824
5659
4796
1230
6159
3698
5252
4263
608
3860
1990
4481
6191
2589
3710
4963
2561
4735
5839
1879
1203
2348
4880
3734
2842
5369
763
393
980
317
5150
1382
390
4695
4271
3084
2343
2092
4669
3585
1383
2544
799
3472
4339
4718
2798
2205
2179
517
3299
2667
4557
5146
4053
873
1161
2512
406
4257
3200
860
2439
4722
3439
334
951
2549
2858
3062
2958
4436
2380
2118
1238
5366
2210
4202
3284
124
1385
1870
606
2953
2826
3189
4286
194
2378
1459
5967
2945
2281
643
2096
1068
5883
2959
5031
2296
2815
2017
3342
5732
3049
2428
2996
4340
2651
171
1922
4208
5813
5116
2138
3763
5557
5856
6324
2638
2491
6074
3952
1647
2325
4330
794
2612
2334
5120
2149
5737
103
2781
2164
1214
4206
3966
1016
159
1475
941
1552
358
6197
5425
5107
1128
662
2790
5714
4104
5265
2388
6120
4098
3613
2752
1501
5404
6201
6238
1046
2994
1617
1008
3143
5614
2241
2850
3818
5507
50
2289
6249
619
5108
65
4970
401
5893
3072
557
4185
2823
218
2354
4429
2077
634
5669
2975
239
4746
67
2596
1306
6185
1543
4800
2306
4458
3217
4300
4617
3428
547
5510
4639
1210
72
5222
1636
3407
524
738
4242
5890
2257
5314
4314
536
3057
1111
5901
5520
4570
4390
1471
3647
6248
1206
3309
94
3532
2920
5871
6125
4487
1628
3716
645
3867
4624
3735
4518
4073
1300
5963
2695
2342
1013
4603
4499
3950
3890
2173
4126
4558
5416
3652
4737
2299
4019
3253
2258
2023
5486
2687
5868
1889
1296
4074
505
4486
559
1239
2681
1841
3465
4615
3014
5623
3270
2863
4844
1975
6182
707
2309
3250
153
5036
905
389
733
816
4890
4792
2436
661
4588
1352
267
1149
170
1077
6149
5258
5099
4420
1547
294
4596
1488
601
1328
5647
302
180
1095
5063
1701
5347
5325
2788
1458
229
4294
2128
1284
4215
2575
5033
2947
3058
6276
2860
1683
3545
2988
2720
451
2102
3790
4023
1081
41
5567
3996
3574
3765
1182
2825
5663
1804
4708
287
1869
4030
5828
5141
2621
5428
3478
3500
4830
1198
3086
1228
5092
2008
292
838
5962
1053
6211
3523
2647
5480
871
3316
777
2513
5172
46
4315
2506
6246
4121
3739
39
1563
3529
4478
5473
5629
2435
1948
17
5934
55
1645
2373
3034
220
3791
2310
4044
1200
4363
1926
6256
5068
6060
2474
1324
724
6213
4464
74
5854
3364
6128
6167
4312
5169
5589
4258
4200
348
1351
3162
6233
5975
5257
6198
4889
4962
4859
321
916
1285
4419
3581
1357
4109
3265
4564
2827
2064
4914
1826
3594
1469
4239
4568
3917
788
632
1728
5865
5488
4579
4517
6080
3246
1335
2940
4575
1715
4180
4138
372
4936
2412
2694
4846
4025
5906
2689
3671
755
6305
4216
1778
469
5891
184
4795
1747
3098
2150
437
6117
1015
639
5873
1874
147
1322
5728
956
3311
927
2598
5608
4507
2349
6062
3053
3922
4361
6283
992
4702
5119
2136
3494
531
969
835
4064
4549
4125
2732
1303
2886
2876
3856
3097
6039
1883
5004
3886
3832
11
1416
5888
5043
784
2155
5328
1021
5668
3536
3255
5804
6153
2392
6058
5183
1908
3274
6061
361
2869
5550
5920
56
351
602
4952
2637
3196
3865
2519
2938
4720
1464
1264
3778
4158
1063
4580
4004
2556
192
5348
4873
4024
5889
3849
5045
4529
4141
1315
4375
3182
1090
259
1842
208
4319
1293
213
687
156
4414
5763
5304
964
3725
4752
5317
6050
5168
5631
806
3164
5013
3070
3623
5126
2936
4983
1859
2330
5656
173
4320
3933
2730
824
1802
5179
2473
3287
4636
3499
2937
5000
3526
5660
1559
2775
679
4293
3483
1555
4807
1643
4740
5354
3370
1151
5472
5511
2629
5143
3454
4475
418
5086
4028
2645
2413
335
2853
3609
280
2488
3381
5406
4287
4981
1133
3179
1196
130
2381
3466
658
3114
3409
3391
1801
2327
3260
1017
3681
2202
207
1831
2517
5770
3894
3235
6260
842
75
3637
5997
4504
4280
1027
3982
5292
5159
791
4469
503
3251
4347
1871
6205
3293
2227
3353
2597
268
5337
2802
5082
4878
6079
