1050
3349
2031
2293
4470
5522
1176
5985
140
3413
413
4787
4772
5818
3846
3714
1774
5029
1591
4629
1312
277
6212
4493
919
5287
1694
5666
4750
1425
2874
2780
1512
1490
3395
2406
6274
1873
3893
3694
718
1187
40
2329
3143
4957
5190
2289
3131
1896
3363
2151
3675
3611
5771
683
2523
1203
5726
250
4363
1470
5170
2373
2403
3005
5908
1949
5359
2123
4901
4557
1986
3808
2357
4236
62
5524
1547
2473
453
2018
2751
99
2306
1726
5976
2395
158
1191
1341
5272
2722
5
4840
2724
21
4657
2689
2300
2410
122
5554
1492
411
4753
5449
5411
3583
806
319
5375
3834
6018
240
6020
2877
4903
559
4642
746
86
299
1370
3489
5349
846
5144
2156
5534
3742
760
812
2748
173
6048
3458
4010
2759
4492
1039
4558
2053
6131
3783
3673
2789
762
2228
1681
2968
2248
30
4354
2604
3465
5777
5302
4210
4253
3053
3442
472
5973
2868
5101
2574
234
296
4682
558
4185
3757
4322
4433
4504
3878
6118
6049
5329
2301
5083
5355
4784
3666
3605
1082
2335
5270
1495
1773
1398
2022
5824
5377
4643
6275
2043
2439
4906
739
5351
3967
6057
3703
1619
1575
3036
3794
5086
3593
1383
46
1663
1692
124
5065
241
1618
4228
2388
1172
190
1842
1676
891
1397
563
888
3370
3033
3785
273
421
2343
2886
2732
5639
4089
4452
4847
988
1590
1515
2270
4949
1239
641
973
4927
406
4714
3433
2481
285
4661
872
4407
2511
5616
2960
4658
868
4596
3624
461
978
6311
3438
1399
721
6194
397
3843
3543
6085
5324
4116
1915
980
53
6185
3998
4162
912
5569
3951
5644
4371
4191
3748
2495
4120
6104
5030
3640
1768
1497
2111
4014
2082
1048
1371
2525
5317
5839
490
4141
4751
3523
3297
6080
6125
6096
4214
4458
3278
1574
235
1287
4953
4198
959
6238
4749
1032
178
4000
2927
119
1705
2821
1816
2508
5141
3063
3251
3596
2361
1456
2836
5617
5913
1514
1548
4798
3407
1474
2948
2849
4156
3065
4134
647
5550
5139
1219
5231
2198
1053
5061
4915
4905
4706
5068
4533
3826
3608
4789
4436
5084
4667
1042
5855
331
996
3971
6294
1162
690
3539
4042
5489
5678
5275
3454
555
5087
5148
2534
3100
5034
3412
1769
5187
790
2808
4290
4982
4580
4604
997
3567
3168
6208
2818
5542
4988
4807
1963
1037
3702
529
3939
3686
2575
4212
4474
3040
526
720
1596
5695
2305
2796
5344
5562
5135
6043
4708
262
4149
113
4251
1043
5641
2778
626
172
4097
4908
1
152
5526
3652
5313
2326
2541
4234
5974
2588
693
2548
2333
400
4608
1091
4734
3078
863
4235
2061
3760
3498
5523
606
994
2629
5508
3921
5809
5561
2178
712
2881
5601
5099
106
1999
5294
365
6310
3962
1865
549
4074
2543
982
4570
3777
3827
4392
5934
2959
2494
1655
4804
4802
3150
5045
4932
4250
5960
6015
5152
2993
3618
5623
5702
675
5067
6046
4961
992
2791
5048
2980
6255
2311
1164
3684
3225
512
4077
748
850
294
232
3035
1557
2232
3142
4136
1295
435
4885
2435
651
4192
780
2527
1424
4041
5751
680
3490
5658
3216
1604
1364
4779
1320
1710
1576
6037
4998
2307
203
4919
274
678
3952
2982
6153
623
4877
2678
2389
4546
287
5258
211
6301
4024
2247
784
4790
4128
5938
2572
5858
4248
1550
3270
5471
1001
3123
3642
4260
3406
3621
514
5042
5649
1060
3343
4844
3849
6202
875
705
3510
2995
302
2158
3280
2060
5445
5207
995
2636
1334
6265
4715
3780
1419
770
5518
1715
4514
2246
4016
1968
5076
874
2133
4343
5089
4154
5095
3572
5937
1468
127
1264
4788
5618
5255
6144
1971
3236
6307
1878
1775
4819
4428
6051
2402
4975
1111
4399
1853
1877
1461
5132
5035
4994
3475
1929
5031
4012
5424
5093
5840
2256
5873
6001
5690
5565
3953
5310
4213
2011
3646
3267
426
6201
4810
1538
852
2570
4641
4867
1253
1752
5251
5714
3328
2512
5209
6117
4813
2398
4882
1031
4403
649
5162
386
993
3368
2922
2474
4735
1040
3055
2720
5400
320
4342
596
5903
1236
4146
4252
2946
2823
4515
4176
1105
2679
3146
311
3114
2500
3391
5958
1487
2622
5556
2571
4163
388
4435
2557
1506
1921
810
3179
4639
214
843
5337
115
5228
4129
1717
6127
3503
2466
2747
5379
1135
1990
2768
1806
544
270
29
150
5320
1780
429
4812
4727
5266
2348
6239
1055
3556
1923
2480
5460
5712
5929
6075
54
4006
5286
1716
4305
5597
3198
592
1854
1789
280
5549
3762
1080
729
614
1185
3234
3607
6002
6132
1967
500
2934
5494
2915
4583
5296
840
1131
3316
446
520
1117
3496
4008
5981
591
3091
5253
1357
5993
372
1927
5196
1763
2665
6309
5181
6149
5433
5901
4285
871
1000
3833
1583
1848
5236
1349
3781
2819
2014
2638
1785
2419
4331
5636
3222
3202
6272
6209
3049
4061
5193
1141
3508
4686
2872
880
2723
3149
1007
3277
2308
418
5487
2954
1700
3307
594
175
4695
4072
637
3329
2918
5221
5650
4586
4157
1289
2920
5563
3247
3661
3226
1278
3770
1333
3415
5827
3111
6227
3805
622
2095
2476
5738
5475
1872
4332
597
2625
1410
4257
2672
3870
4671
3140
2372
1114
4297
1211
5394
5338
2227
2374
1214
3788
5625
4951
4794
4312
2965
3546
3957
1011
2503
5383
4713
5444
2919
5430
2253
3935
1016
5200
5672
3338
1094
6036
5996
2855
3529
707
6324
5713
4632
5062
2506
5709
4361
1595
4114
3598
4264
5521
573
2447
4215
3630
4944
159
4384
3920
4871
5509
5881
1012
1674
2380
314
695
1243
948
1660
181
3590
531
1346
1229
382
183
278
5574
3134
3680
4166
2125
5877
1523
961
2981
6158
878
3774
3727
1839
3580
3331
3862
5484
1567
5967
1622
4296
132
3501
1020
3520
5734
3037
508
6253
3446
3695
233
2880
509
2862
3492
4137
2069
166
2950
896
2342
5326
3230
2013
316
6186
6114
98
5261
625
524
1529
2710
2454
3884
571
3670
2378
2648
3656
1163
3643
174
3724
25
6042
3016
2892
43
401
3969
5592
3215
2519
4233
2706
4294
783
6087
2063
1301
5547
3625
4398
3048
4857
194
488
5515
3798
1109
5978
2337
2602
3110
6060
5230
4256
4317
909
5090
5119
5063
2131
5208
394
1540
5257
7
5772
3972
6101
2437
4620
4670
1062
3471
887
2150
5792
24
1008
653
5846
3752
4304
1803
1998
2455
5942
3647
2155
3264
2054
2992
4258
5022
1255
5882
5064
1421
1478
5238
4618
6259
4898
5197
3252
2034
917
4672
4057
2318
4368
4462
2330
4566
1252
2064
2590
79
4729
2967
1395
1831
923
5992
2369
1472
612
4881
849
88
4634
5322
3408
4497
2290
2645
5283
1649
758
3386
4118
3672
1635
660
3573
616
5841
3932
2802
6033
1405
1978
3124
2165
5624
229
5788
2288
3505
195
5325
588
1085
3299
2127
3043
4005
4491
1522
738
3184
4030
4159
6271
1879
6107
5615
570
1749
4996
3369
352
2205
2472
5613
2384
4481
822
2962
1892
2258
2542
684
5147
642
4534
920
380
870
4832
156
3864
137
4849
4416
247
4758
560
5303
1234
3784
3210
673
1802
1874
5504
4244
2885
5675
1104
2312
1636
3753
590
1431
5399
2646
3662
4124
691
968
2945
2762
1488
3901
4090
3196
3405
4950
964
379
1137
3032
2800
4341
3379
6038
619
2461
1479
2535
1594
3528
3865
3822
6246
1549
443
5443
1624
1977
562
5160
330
1894
489
5717
1511
4633
3983
3560
1282
2529
5259
3077
952
3064
6010
5876
1174
3188
4622
2085
1329
701
1995
3526
5482
3273
5826
2070
5243
3963
5683
2628
4722
5577
3954
4386
547
4070
4122
2755
5458
581
2430
4245
491
5051
5212
4691
5667
4565
5710
2207
589
1629
1277
2890
3481
771
3559
3811
4769
288
5977
2772
2497
3332
1318
3961
3842
5627
4575
5997
1909
5293
2220
1625
2977
1146
6270
4231
2577
2546
1367
3076
2609
5834
5802
1323
2850
3393
2299
2233
5347
5491
6151
5397
1580
6228
2797
5118
4385
6293
5755
148
4461
4249
481
955
1463
750
4759
5448
5163
3199
2415
5757
80
142
6011
5461
4519
4281
3937
6040
1372
4358
4143
4319
1023
1482
3876
791
2777
1293
951
4095
5906
1071
1992
5423
5883
3629
184
1206
2517
2004
669
944
4220
4063
755
2564
4680
5128
4509
4527
2838
2814
2501
3107
1392
4243
5933
5871
774
1201
3991
1827
67
5665
6004
3739
1950
4984
4910
4378
4455
4494
2781
5923
10
5662
1110
1389
4411
6138
468
5994
5216
3257
3397
4241
3512
1798
6243
3019
1358
1766
6025
3262
326
6214
3958
399
3639
3856
4478
3850
1108
4197
3547
1750
6268
3623
4839
5382
2792
2383
735
3394
1442
789
5687
536
1380
777
5237
3470
3417
2025
1951
4531
4719
1713
4766
5954
4277
3317
1584
2413
2942
1614
120
734
2810
474
1350
5353
2489
3238
2327
1776
3902
1124
697
2743
5291
1935
785
5319
4488
1444
501
5044
3476
1867
5857
5146
5571
347
3014
4605
3253
5137
2566
4334
1525
5527
3904
4829
3335
4456
6003
882
3271
3427
522
3916
4167
5428
5113
5784
4222
3422
4958
1859
5472
5490
9
1837
5185
5928
3562
635
5262
410
4093
4387
6315
4263
4541
1066
972
4203
5075
5588
4344
263
4279
5758
5728
4055
3750
312
2788
2309
4858
2174
2952
2876
1220
1997
4177
3181
2488
3895
2664
5886
4762
1781
927
5559
4081
5134
916
6305
2356
3803
4674
15
5373
5026
5679
3995
139
5897
340
2424
3294
3615
3766
3419
3002
3553
4299
295
2537
4500
4217
4161
6289
5277
6008
5301
4140
1248
3992
5652
4321
1170
5642
5073
4190
5421
740
427
1171
1288
4511
371
2487
3059
898
6279
618
1210
910
4954
535
176
5537
2856
3075
527
463
2098
2149
1081
2161
2294
3384
5748
3463
3291
3177
3696
208
2600
5109
2717
2349
4068
5671
5502
4628
1112
2126
2485
93
4425
2392
800
4836
1157
3191
3056
2048
2987
5189
5648
1056
2657
4594
1217
5605
4443
5822
3342
5188
1443
1569
1794
1748
3866
358
767
781
1838
2966
6139
4942
2615
4864
4564
483
1696
47
2949
2264
2103
1732
1704
3275
2484
981
708
2020
2136
1517
6140
546
3194
482
5271
835
2464
201
1426
2903
853
5446
59
918
943
4884
3681
441
1475
1022
4490
1552
4588
502
866
1524
3730
4930
602
3532
2619
4199
375
2209
4050
5361
1815
5621
4834
2224
4891
2075
1090
913
1996
3209
2252
4862
3000
2502
2457
2551
3689
3362
81
5643
3022
222
3956
3633
3819
4973
131
3272
212
1057
387
1054
1606
2479
2963
5024
971
3813
3365
3566
1626
1901
5545
1753
6014
4896
3507
4340
5269
1142
2427
2750
2745
3023
5117
2776
1469
3970
3054
1063
5295
243
4902
5149
3545
743
2680
3223
1404
5308
3616
5174
2363
5670
6136
91
5966
4991
2505
4870
1197
3473
3582
3830
2277
4311
1787
2940
1736
2829
4524
1412
1183
1353
5298
4466
3158
1272
3152
6187
2360
3323
4505
6
6146
2129
3944
4419
5697
4520
1744
2559
3825
4660
5038
4917
1034
2272
494
823
3797
3740
3986
3381
431
3987
4152
2894
2673
4907
2621
4561
2072
1533
6200
1345
300
3564
5260
4302
3108
1821
110
3557
787
2429
3411
3103
3026
72
3371
5232
5635
1216
2250
620
3679
3984
3396
4108
442
1504
818
3163
5211
507
569
459
979
665
1077
1035
3057
2362
1943
742
1226
440
3838
5988
5789
1741
2139
1536
5704
129
2453
710
3360
1300
5268
1922
713
5800
5604
49
5544
5566
1975
727
4131
816
5053
2273
6312
224
5870
4223
604
5202
6171
3204
3183
1269
2059
3804
1298
2138
2532
5568
3113
702
3787
5173
719
985
2774
2770
1231
238
2726
403
6121
5050
2319
5483
3
1489
3807
5300
2864
4568
2554
2037
307
3641
3206
4225
3891
420
5332
3010
2241
2235
3460
4033
3636
3589
2358
5660
5328
2579
1445
3910
5304
363
3595
885
5608
5454
511
3138
44
2351
1513
1600
1044
3978
1730
6169
4261
432
108
949
3132
5723
5779
3790
3126
904
3950
2997
3285
2935
4934
1120
6196
3614
6250
1218
5020
4761
5184
6070
2729
6278
2409
2653
417
3399
5854
1805
5033
752
2983
2113
251
4323
4550
5820
3815
4348
4820
672
4370
1703
5911
5220
5859
3617
1792
4268
2042
1962
1889
1076
4786
3511
3502
5750
5416
1937
1739
2167
2979
3165
5091
5367
1659
5916
5932
4619
1747
5422
4188
1402
1510
4218
804
6111
4854
2951
5959
6174
3860
2045
2214
1641
5868
1486
2016
3176
1151
4029
2196
3095
3628
5409
2585
4464
2313
3650
6084
2909
4126
6030
2641
5560
297
370
4076
3793
5385
3129
4292
4806
2292
5573
2891
145
2084
2314
1385
2961
2746
5059
4559
940
4648
1695
826
45
4373
900
3853
600
611
6286
4011
356
5585
5637
1862
2830
3102
2066
689
3141
281
3734
2715
854
2208
2304
5292
324
4037
1577
1657
1205
1893
5783
4623
2478
4395
1509
5607
5437
5191
5215
4098
4771
3571
4431
6157
259
4015
5441
814
5369
1718
155
4374
5342
733
2017
630
2251
5969
3178
2973
4483
926
5395
5393
4066
116
4442
3229
2878
977
5729
5684
4075
154
2799
6078
5961
1969
1156
4997
819
4288
1661
6235
2727
1627
3761
6256
4693
3552
5476
6181
3746
207
321
1013
865
3747
5654
1719
4875
2265
4754
967
3105
2144
1065
991
1088
2795
5776
2739
3339
3062
5477
629
3657
5156
1113
4291
3155
2350
6234
960
1900
2179
1215
2381
2598
5925
5507
2035
5805
1189
1542
3765
5815
1742
4717
6241
2845
3435
2994
2263
5186
5659
1980
4916
2081
2516
465
2884
4976
2766
561
4369
220
151
6198
5773
572
3060
1381
656
1021
1136
2623
858
4
2998
164
1960
2686
2528
2936
5172
1181
827
1257
3334
146
3436
3610
5468
1607
4581
3115
4101
3341
998
5058
5990
4123
3284
384
5455
3716
3187
5951
2859
5953
1784
2670
4872
3061
3949
4947
5299
2683
1316
2924
2118
1907
4181
1025
1165
802
5941
911
5962
2699
5983
1954
1123
4736
2530
3519
2925
2895
2379
5533
4601
2261
711
1100
4307
2608
5143
4835
3400
2675
4755
5747
3655
5513
4274
3844
3620
2000
5056
779
2658
2616
2078
1783
1347
5316
1537
2730
1568
2436
3631
2515
362
815
199
1326
2937
5628
1453
419
5478
1466
1756
5510
4001
3678
4512
1249
2996
2051
2835
3603
1390
3996
5948
4542
1384
3975
3812
1484
1869
3241
841
3156
2234
5778
4968
385
5224
2861
3848
3282
5872
643
946
3030
4650
1259
2405
5703
5398
5123
112
5536
4357
3861
5039
4196
1527
5863
2640
2712
2047
2434
33
3509
5470
773
5926
1714
6106
3634
1177
2057
94
5003
3758
4662
3344
3029
3491
1458
1193
3041
4271
3486
4079
1782
361
6035
1917
225
3300
5242
3627
938
5088
123
1793
252
6022
2697
5570
717
402
583
776
3097
5138
2901
5890
3376
5785
1051
5600
5171
545
1296
4049
2254
6031
495
5164
4335
1335
1009
2083
3668
6207
521
3073
6064
256
236
4517
4265
5415
1890
6165
84
13
1818
216
861
6148
5278
2547
2911
5198
5387
135
3885
2887
3449
3350
950
4923
5500
6088
4539
2592
2359
95
2842
3534
315
3336
2978
5451
5862
153
2663
5939
5125
1401
1924
3711
4418
585
3464
239
3182
4460
1824
1103
999
4026
206
1403
2661
2848
3903
5131
942
3521
5512
3318
286
3852
4303
3644
533
3554
2163
4845
4827
3345
2206
5999
6249
4004
2332
1602
5759
4528
845
2141
2944
6006
5280
4904
975
1611
4447
3462
2407
3796
4295
4415
4783
2974
2869
1153
953
2676
5178
2122
4459
645
3544
4189
5452
3444
2985
4457
3287
1447
2368
4959
5943
6179
1988
1127
4560
6045
5581
1898
1631
1801
3869
3563
586
5352
4043
5246
6160
4593
5434
1539
1875
5626
1759
5407
1245
3707
180
6066
2028
1765
5912
3918
1317
5583
4088
111
3660
2833
1026
3372
700
4778
4259
2846
5390
354
3096
3443
1964
1684
5279
5647
5535
1940
5060
5429
1984
3609
5168
2101
3468
2449
4445
587
310
437
5691
3295
2931
2873
4315
1686
2812
289
3879
3606
1886
2644
5466
2229
1224
5899
3841
3004
2397
4171
1913
5116
6009
805
3020
4420
5432
6143
696
5919
1359
1687
1304
6050
4866
4522
1762
133
3908
2080
3354
1563
4948
2177
3420
405
3968
4574
4585
2521
4183
1083
1459
2816
1198
5944
3837
2462
1876
1675
2422
3302
2552
704
2659
2470
3414
4775
5587
1598
2390
2302
2943
628
6319
227
6176
3795
1427
4084
3128
4732
1422
4637
309
479
4874
2858
537
3638
3930
3250
1807
3439
1139
3887
3671
5276
2267
5701
1311
4309
4592
3579
3854
2418
2463
5203
2709
1235
6145
1770
2536
1325
5182
160
1058
3058
4931
4127
530
5120
5176
4316
4696
5240
4673
3683
5970
1830
5214
305
1449
2217
5551
897
2458
1096
5567
5019
6162
2268
833
5945
3387
1983
5037
5025
1352
70
1634
1261
6195
1834
1045
2093
3487
337
3088
3859
3993
2010
668
523
4325
582
3021
5097
318
1446
4306
6236
1665
577
2482
3461
1134
5879
3050
5108
3756
4276
476
2259
5124
5557
2231
1339
130
1420
1797
6141
3296
5760
2003
2610
3390
772
2166
1018
4051
279
2428
3450
1712
1520
4091
5111
4503
6091
5909
1375
5222
223
1143
3718
2889
5631
14
1263
6219
2603
4508
1047
3612
5769
5575
864
4359
6000
2677
1916
4242
3409
1819
4246
5946
5153
4523
1706
2576
4397
3039
1973
2193
4909
3982
327
5151
143
4366
298
5724
3810
2431
4913
5112
377
687
3581
2493
5414
351
1338
4936
3809
5555
2688
3121
4573
3466
4174
90
4482
4082
6005
4700
6180
1689
2130
6021
2218
1518
3561
4059
4219
1738
3259
6313
5106
3212
813
890
2486
3485
3701
2756
4113
4816
2237
5677
1208
3889
2168
4376
2297
4701
4627
3166
3375
5885
2526
3959
5167
2674
260
4926
2707
3613
5362
648
3094
5844
5442
2614
4501
4770
105
6245
4396
5364
1778
3286
4187
4173
200
5904
487
1337
2558
4404
4201
4064
5685
4940
4777
1812
2019
5875
4977
5233
2200
5336
3533
4298
2445
253
1920
5814
2738
2898
5819
935
528
2839
5594
5645
5620
266
103
2749
2099
4278
4349
2642
1850
2001
2863
5389
5080
1387
1331
36
228
4401
4990
213
1315
4119
987
2147
5234
5653
4624
268
3144
348
4270
3314
2704
1755
1281
1729
2266
1270
2096
6292
2440
3046
4032
2420
6306
2975
4987
3578
3574
2408
6095
323
4202
5849
1632
1534
6244
3632
230
3558
860
3665
4554
4865
2148
5998
2443
4144
3242
2159
3938
3892
5743
5070
2112
2939
4712
1396
1015
6028
5674
3112
4694
1003
3886
3448
4200
2260
4621
3172
2923
883
1699
2077
2693
4333
3985
5853
4707
1075
2655
2404
731
1617
5357
741
4598
801
3872
724
2068
2050
1578
2631
5096
4966
1223
3292
4060
5418
2240
736
3599
5218
3555
69
4880
1299
6076
6210
2355
2090
3263
595
2216
4873
609
2109
1711
613
4879
6089
2999
1306
42
638
6059
1286
4040
5223
0
6068
2452
5343
4649
1500
1179
5807
1760
1592
2879
1841
4391
1294
6156
2173
4402
5991
255
5646
1639
5936
2115
4967
395
2007
5987
2044
5669
1046
1119
3153
1751
248
3426
3720
5806
2221
1804
104
2005
6298
2417
914
2257
3483
633
4616
3767
6193
3550
4434
5219
4803
775
6273
3715
1099
2468
5905
475
4476
4484
6191
5753
3776
5406
3154
2567
6276
1597
1041
5248
5781
4536
1354
1406
4486
1933
644
5719
1630
5103
4388
2656
117
5007
2303
3424
221
654
5180
2731
4379
3330
3361
1615
1620
4918
989
5166
134
5833
4027
3792
355
2813
74
1974
4293
5914
1758
3080
3940
450
4663
2315
3260
3913
4209
5447
4300
3404
1553
5410
2930
4498
5028
4831
4351
2660
1430
3469
650
5419
4465
3235
3651
4612
4626
1481
3201
5052
269
576
2586
5548
4781
1945
1638
1376
5354
5610
2713
4085
6283
6252
605
3906
2188
1678
3175
4266
1386
4666
5835
2807
1221
3474
4599
1796
2498
1327
664
3189
1948
165
2790
5366
3313
2062
4364
5199
2860
3601
4869
20
2496
3914
439
219
4025
470
5179
161
1558
1526
4638
3883
1833
5136
1647
26
2110
5924
1438
5837
4699
2287
4731
4393
3403
1884
894
4164
2785
4106
3728
3389
6188
4730
2560
2734
945
1654
4047
661
6067
209
3867
5852
2236
2438
257
218
5956
2806
1734
3092
3493
3200
6280
5915
1895
1581
5388
38
6099
1799
2023
3933
4099
4572
205
906
4852
97
466
983
3418
5865
4502
2867
4974
5110
5177
1858
2040
3894
1199
4615
2107
929
3704
5402
1671
2984
899
3928
5417
4645
5145
1941
766
2769
2763
3086
2926
3799
2416
3733
2990
2844
3358
6122
3858
5408
5816
3569
5553
1535
3139
2754
4314
3909
4449
3538
3754
3965
4035
5016
5339
5538
5499
2201
3451
1271
584
6260
4426
265
2006
6063
4938
4705
1452
848
5066
5235
2834
4843
4229
2956
4793
1991
5013
4232
4145
4422
3290
5403
2563
5964
3667
5921
5252
5331
1888
325
5288
1106
5401
5864
925
2169
532
2
3429
737
5947
328
1283
5102
1670
128
2578
2652
1836
1391
3130
2805
1195
2341
5217
5431
1860
3653
1230
2371
2281
3768
1477
2021
4651
3042
2108
3835
2637
574
2184
282
4020
2295
1911
2492
4117
3051
1279
5663
89
4846
2344
3577
4723
6303
5154
1467
2584
1820
954
4886
2249
2607
4653
342
6172
144
3911
2451
3133
4774
1161
1932
5225
202
1972
2124
1938
879
1378
366
1182
5989
4562
2377
963
4760
1324
5023
1328
3374
1432
4240
4685
2760
2912
2708
3248
5245
5813
1668
2539
261
5688
1701
1731
1746
4692
3243
5021
4716
5963
3658
1891
3723
5358
3816
2695
5735
4652
4100
50
1930
215
2847
4800
3542
5438
3687
834
5046
5105
1880
4513
5878
1851
5874
5739
4109
986
66
6115
3705
6026
3293
3637
6216
3635
5495
5094
5718
2283
2469
4178
2700
895
4704
5010
5823
2365
5804
4635
5895
5770
3851
3007
1727
2310
1078
107
2520
6082
6100
2142
1415
2491
3710
4956
8
1213
2589
2832
5902
698
3127
4876
5602
1150
4408
1128
393
3072
2367
4017
1693
1958
3122
3721
4825
6164
2775
5656
4175
939
4981
196
652
1366
744
2467
5380
1101
415
3308
1342
2826
2058
369
6108
4587
1691
192
5501
4329
5195
3522
4776
4473
5321
2152
1502
4655
3258
4945
1828
6175
4912
1914
5832
34
2921
2786
2187
671
3333
170
4506
6295
5072
4952
4247
2030
2334
3116
4752
359
6126
1251
3070
1554
1437
1309
5860
5069
2970
1310
2854
5927
1237
2475
3531
519
2840
667
4451
237
2203
4360
5766
3231
2932
2971
5749
2509
63
4709
2132
3025
2650
6224
867
5435
6102
1379
2137
1621
6284
4448
61
4630
4711
778
5381
4767
820
5227
3401
1585
2160
4606
3923
1882
3479
851
5459
3874
4437
1411
4933
4472
5479
1434
2986
2056
4899
1673
1564
449
3924
4105
4224
2460
2593
1010
6083
5360
2735
2276
5346
568
23
1092
41
5830
3467
5762
5005
1905
601
249
5312
498
4525
4890
3011
1545
3575
1757
4071
5580
2504
4556
187
5306
921
2765
1473
4851
4516
1861
4287
6116
4941
5586
516
2857
1417
3818
2900
3160
2666
408
723
1666
3855
5539
6019
2624
444
1348
1728
2958
2114
6323
5284
1200
1926
3269
2668
6123
3775
551
859
5496
4969
3169
1863
2280
5226
6065
2929
4485
5256
5244
4782
149
4365
2396
6073
5161
4925
3106
3594
480
2284
6112
962
538
1709
2647
3882
3197
2875
4282
3682
1097
4226
4878
3802
1125
2067
2555
634
4985
1476
5782
1810
5404
5157
1238
817
4107
306
2649
543
2399
621
1118
1190
749
3006
1493
2899
3069
5763
5558
2172
3731
3588
504
2255
3085
5655
1285
1919
6032
301
2320
2204
5104
2242
756
1777
3820
4337
6133
3013
1572
4440
970
4193
3459
4733
6317
3171
4054
3001
3591
2100
1332
2714
564
6090
769
1464
2871
31
1308
4441
3917
4194
1499
554
610
4797
2533
4039
5420
1292
5263
5745
28
2323
1664
1532
4893
5817
4058
304
3664
2041
2245
1840
4432
6232
3352
5980
4549
11
5376
4044
349
3576
726
5213
4744
1250
3180
6163
1628
4764
3806
3431
367
3117
6223
617
3246
2182
811
2569
832
5598
2032
4747
1260
4808
2414
1483
5700
4848
1180
1650
357
5309
681
3836
6183
2370
4380
3421
4345
4022
984
3452
2643
5469
5439
3104
3927
2550
2340
3217
931
499
2278
416
3946
682
4324
1609
3227
5810
5334
5297
345
3744
1910
5485
5889
5796
2185
4889
1014
4031
3706
1121
5579
2117
5133
5576
3677
1313
246
1846
932
4205
3735
4646
5396
2079
1885
3347
1168
3351
761
1955
2870
4286
1586
3279
3821
4138
1588
5514
4609
3254
3745
5843
2773
2225
4922
5467
1743
6229
2596
4914
4186
6251
2401
3326
553
2446
2459
2562
2721
6282
4147
941
2102
1852
1059
409
3309
1546
4986
2605
2757
6247
3441
6182
6024
5456
1273
6134
1030
3527
4818
2893
2230
5426
51
1610
125
1667
271
3373
2910
3240
4018
6218
4495
3364
4170
3480
425
6170
1825
6161
6093
4069
4477
1982
163
6039
3044
2690
18
1544
1623
732
2071
5183
4578
398
4589
5384
5229
566
4631
3045
2595
2553
5798
2106
4577
2904
1017
3712
1587
1423
6290
5971
96
5079
1244
3434
1408
1934
469
5699
4468
407
169
4038
2191
3801
6167
930
4529
188
809
6120
1448
2514
1931
5098
6166
6221
226
4148
2073
3898
6215
876
448
4830
291
828
856
4355
2684
396
4080
2411
5754
1680
6203
5249
3737
907
5372
1551
5121
4007
2012
4367
2024
3919
1246
699
6034
1702
3880
3977
5790
1906
4937
6285
4028
3357
5206
1440
2702
4571
1688
2285
1740
6098
2611
3445
1835
1887
5721
3425
2771
4720
5696
422
5055
4935
3213
5333
217
3600
4689
796
3101
5049
757
1297
2202
688
2561
157
5955
4480
3847
4405
3346
2633
5861
3402
5159
1087
2612
5680
3974
4045
782
5850
1073
57
5611
3311
4756
92
5900
3378
1038
6262
1952
2906
1857
6124
4724
4833
2094
5532
5725
6155
177
5828
4681
4544
1651
6302
2583
6192
5543
4791
6061
3789
5374
4809
1582
3674
4135
3193
5122
5808
2524
493
5436
3960
2180
4920
2033
4238
5917
6152
965
6211
6267
1079
2913
4390
56
258
632
1436
244
1503
4239
3276
3305
6079
5004
3186
136
4330
3989
4065
6027
686
2145
1496
4963
6044
4450
715
5254
2626
3976
3203
2753
4688
6071
4009
4684
1074
4850
2153
284
5150
3211
2507
4625
336
1817
662
4273
3973
2692
2432
3829
3099
1767
1291
5158
37
477
4690
2450
73
424
4743
4757
2015
6237
5054
5761
3428
3725
4796
2279
714
3320
5614
1679
5552
4737
3455
3772
3888
5794
3814
3388
4339
1132
1961
5314
4669
2565
5371
5335
6304
5356
4999
2219
101
4993
71
3495
2089
3190
624
3119
1814
2176
1148
974
2386
5599
5194
6069
138
5866
4132
966
2733
2091
3359
2907
3941
3997
3071
1556
677
1491
1779
2189
1648
4970
4530
5412
4356
5918
343
4382
5768
276
6299
378
4206
3648
5525
1152
2215
5457
847
4921
5694
2843
2779
4768
4718
6055
4103
6213
578
4168
5267
1256
2991
2274
2441
1207
5540
3517
2941
5082
5092
5265
4888
4595
303
3147
4410
168
5340
5392
4289
1154
2175
267
3082
5845
692
5950
4900
1116
3255
4204
5462
2183
353
1290
179
3535
1471
3337
3031
2827
1002
5100
1028
3709
5907
5155
1336
5127
937
2828
1268
1707
4821
2882
5705
3586
3265
5869
455
1330
5746
1418
1737
5519
5210
2212
3239
2135
3207
884
4698
1800
3385
434
272
3828
339
2617
4471
1274
4092
5006
3763
2741
5529
5692
3024
3769
4978
5629
2490
593
2086
3432
2820
4310
4795
467
905
1202
1985
60
1400
6222
5239
3645
1166
1646
3823
990
2226
1098
497
1155
3839
2811
3663
5740
5972
2681
6204
4320
1516
1232
3319
3315
1826
52
1908
4659
4280
2192
1677
210
1656
575
4590
1505
3135
1362
3098
881
3717
3659
4538
3955
1052
4423
1903
5241
1844
485
3327
2262
3669
2662
6056
1708
3090
4417
5893
5731
5892
5311
1868
283
1167
5764
3488
5307
1319
3321
3540
5930
4841
4104
709
5708
2465
445
4826
2146
3722
1662
505
4227
4980
5887
1939
2917
4062
510
4034
2531
4697
1561
4640
292
3009
4221
1944
764
1158
3602
1633
5175
892
1102
2976
5706
2905
503
889
4603
5036
5707
747
4815
1024
3224
3626
6173
5595
5503
5825
2957
3699
1987
3719
6264
646
2412
4569
4352
77
5078
506
1225
1936
1761
4094
565
5744
121
6316
1258
1845
2394
5752
3052
4911
794
5473
2391
5290
5799
3038
6077
5169
3931
1566
2705
836
1049
599
3283
3484
2002
4283
4647
2544
5836
1957
3392
1658
3218
639
3541
373
4799
167
6291
3301
1175
3497
3743
5480
2296
4526
1959
2426
5273
2239
3726
1089
754
5330
3587
3565
5681
765
5811
2853
3857
4668
4597
2522
1344
3988
6296
5516
75
5264
6072
5450
4895
3500
4430
5345
1829
1672
2654
6041
114
5727
598
5791
2393
5884
3736
1965
2471
3423
4679
4676
1394
68
5250
1808
1061
2691
2325
1918
1209
3159
329
1643
5676
2331
4158
2947
1946
5896
3708
2597
2243
3457
518
2556
1601
4746
838
473
1494
3990
4438
2322
550
3622
2421
5009
3831
4545
1519
5689
3066
6129
5008
728
1361
6154
3456
2581
5465
4327
4863
1465
1188
903
5511
4678
2969
3416
5910
1159
4023
5880
6007
2375
2170
4828
1725
492
462
3034
83
1928
5609
862
3087
4165
2758
4406
4602
893
745
5949
6130
6231
4721
2914
1122
141
1530
438
3018
5838
346
186
5603
3157
1133
126
768
4262
3697
5018
430
4600
795
2989
3800
4983
2092
2794
922
2339
3548
1573
1302
5787
657
2238
1184
924
5474
3896
5693
254
5057
821
2029
6097
3322
1832
4894
1849
1439
2953
5017
322
3437
6058
1265
412
1976
3524
716
825
6029
433
2444
1754
5582
4155
2244
27
6137
6047
6109
3537
539
1942
456
335
1321
3691
1637
350
5505
4654
6233
5370
2784
5040
2076
3382
5736
1373
4111
1019
2119
1843
5720
1241
2338
4489
3700
2634
4665
839
290
4427
557
4347
6052
2222
1173
4856
2744
902
3698
3289
2841
4003
16
4617
6242
39
4636
5733
3654
4383
1004
6128
5305
4362
627
4446
4195
4112
5315
1072
2104
1652
2510
58
658
2933
275
1138
1457
6092
82
830
5341
666
1356
5363
389
2866
3249
5002
5517
3771
6110
1565
2269
5531
4046
1562
3067
5285
4822
5856
5081
100
3619
55
1947
2740
1809
3948
6159
1351
3325
5686
1855
2669
1212
4216
4375
6012
1720
4172
4377
2540
5632
3551
1721
2194
2456
4013
242
2157
4535
5425
2199
5591
4897
1507
2573
5201
3093
3690
1267
4817
48
1126
2618
5698
2291
534
4555
3738
4859
5165
3515
102
486
5797
5015
3947
2213
6281
1005
4313
567
478
1416
109
3173
4208
3219
4675
3118
5071
1864
4710
374
5043
4237
1795
1811
3430
797
3692
936
751
4180
6054
5498
5986
364
1144
4048
3907
5957
5014
1084
6261
5074
5711
1823
6178
185
4346
1240
2009
958
3410
1147
2685
87
1280
5427
1178
2088
4607
6150
1521
2725
4962
1559
4860
1871
333
3786
3494
1242
4964
5378
5975
1953
2197
4861
956
2694
2851
1531
458
1227
1160
659
4972
2518
2400
3214
2545
2782
1640
5114
2938
5786
3440
5612
3729
2703
3148
3081
4487
32
6257
2376
451
5001
1374
1771
3925
1480
341
2121
17
548
1508
3936
831
6318
4656
1682
1956
4868
4413
3751
85
423
2052
4336
3899
1570
4133
4537
1068
4308
807
5867
5682
1745
2955
2324
4036
792
5205
3929
2752
2964
1194
5453
3174
4254
5584
1764
4496
1642
1266
5274
2499
3477
3366
2582
947
1377
313
5323
3205
1314
5386
4086
3232
2831
1813
5281
542
1149
4785
6321
6081
2483
1355
703
4728
2728
1382
4838
3685
6320
3298
2271
3868
3764
35
5737
4576
3472
3881
1791
4579
5741
2347
1186
360
3915
6205
2442
2594
3779
2513
631
4469
5935
5638
1981
5651
808
5012
3863
4467
4353
3012
579
3348
392
1222
4381
2916
4499
2837
6230
3945
6086
1993
12
2321
6094
5812
3597
6013
4780
1790
5590
969
3926
5891
4853
3164
5077
5661
4439
3934
1140
2366
4150
5391
4814
5630
5589
4328
873
3208
6263
5793
1697
1262
1786
685
2316
4765
4255
5673
171
5350
2298
4130
4540
1733
1593
5486
2696
3192
5368
293
1305
2651
4664
1363
6197
5041
517
3367
4284
2667
1925
1698
4548
2801
3845
515
4971
447
1369
5894
793
1603
5931
5047
334
1343
759
332
877
5984
1669
6147
2036
2682
4414
4463
2190
2687
5668
464
4773
5979
2352
2317
5715
4532
3220
162
1129
4160
6074
3068
3162
2423
1460
928
1433
5664
4805
3749
182
1847
2055
694
3047
6105
1276
4552
3688
6277
5633
2286
2606
5107
513
4182
803
5801
2008
1388
2171
5564
5463
2613
679
857
2154
3233
4056
3871
6113
5497
1407
3981
6314
5541
753
3288
2815
934
1555
6266
3136
1560
4644
454
3266
4389
2736
636
1322
6142
6300
5572
1735
5140
3353
4115
4211
1393
6287
4687
2143
5546
2425
5730
2195
193
1612
799
540
4518
3244
5520
4372
2793
3943
5732
338
2568
2817
1036
4992
3083
608
1528
4207
381
4053
824
1866
2027
3890
5831
1883
1822
2116
4979
2282
2635
3649
2364
4965
6308
5032
65
4475
4454
3008
2716
3195
915
3832
2620
2046
869
1441
2902
3570
3782
3536
5619
6190
204
2128
829
6322
3084
4611
640
2783
2639
4742
2896
4610
3875
2803
5000
6199
4563
4989
1543
5365
3256
3506
4567
1451
2671
1644
4083
4121
1435
3755
3398
2120
4946
19
1192
4741
4510
976
2742
4591
2632
5965
5922
6220
908
1498
4543
5247
3137
5282
722
390
4394
3340
3905
484
3817
3840
788
391
344
4892
1307
2897
5848
6225
147
2822
957
3504
5027
3017
2039
4551
3518
5413
5716
3964
3170
4792
2223
1722
2764
404
4928
5440
798
5289
3261
3693
556
3447
3074
3568
763
1485
4855
4179
730
231
6119
5795
1899
3310
3676
1409
1130
4960
1284
1233
3979
3268
4096
264
2328
457
1690
1340
3732
1541
4929
4479
3377
4326
460
4801
4703
786
2448
1070
541
4019
2385
2275
901
3585
3356
2804
1303
2825
4811
1724
4078
2852
1571
4677
1870
5952
3897
4052
5774
4507
1966
4824
1196
3245
5318
3873
4837
2809
2049
2787
5011
1027
1093
5898
4584
1450
5851
855
5464
64
1455
4748
6288
3592
886
3145
3980
1145
3966
3604
3759
2719
1881
6217
1368
6248
3228
4272
4412
2549
5492
4613
4409
5722
3791
4763
3525
5995
6269
1912
436
368
4169
3514
4453
2345
615
3089
5606
4939
4726
4883
6168
1428
676
1069
76
2988
603
1605
1904
496
3274
3185
525
5481
6206
3304
3312
4702
933
5115
3079
6017
4318
2737
3237
1608
580
1989
5530
1579
2928
5657
1413
4444
4842
5578
5327
471
2065
5493
2164
1685
1902
4943
4887
1454
1970
1788
3713
3028
706
842
6226
2701
4073
1228
5968
5634
1723
2186
4683
2587
1275
5126
1589
4582
2591
1897
2353
2972
4275
4102
2630
1979
3741
4924
5528
3167
2767
317
2105
3922
4738
1169
3109
197
1599
2580
4125
2210
1204
1772
6103
2824
4184
414
3584
4067
3513
3151
198
1029
2140
5829
4301
4002
1613
3912
6240
1994
1033
1254
1653
1501
6189
3281
6023
2798
2354
1683
3380
4110
2346
118
6177
3877
5821
3824
4823
2162
5756
1645
4139
5765
4553
3530
6258
3478
3303
376
22
3003
5204
5742
2908
1247
837
663
5640
4740
3120
674
191
5803
4338
1414
5130
3773
3549
6016
5593
5767
2627
4350
2477
2433
3306
3453
4269
6062
1360
607
245
5488
4725
2074
3499
5622
3015
383
2718
5842
655
2599
4955
5085
5920
2134
3324
1115
4614
4151
3942
4429
4424
1095
2087
452
1006
3778
2761
1067
3221
1429
4267
4153
6184
2026
1616
2865
5348
5506
2097
3027
6254
5129
3516
5982
4995
4521
844
6297
4400
3994
5142
2181
6135
2883
428
5940
2387
3355
2336
1064
1856
670
3383
5192
5596
5405
2601
2211
2038
2382
3125
4021
78
552
4739
5780
308
725
3161
189
4421
3482
1086
1107
4745
4142
4087
5775
4547
1365
4230
2711
5888
3900
2888
2698
